-118000.665    46.712     0.00    4.19
-117713.391    46.098    -2.14    4.02
-117426.107    45.855    -0.84    4.14
-117138.812    45.659    -0.68    4.41
-116851.507    45.390    -0.94    4.82
-116564.192    44.656    -2.55    4.66
-116276.866    44.491    -0.57    4.86
-115989.531    44.601     0.38    4.39
-115702.185    44.438    -0.57    3.87
-115414.828    43.884    -1.93    3.83
-115127.462    42.897    -3.43    4.13
-114840.085    41.488    -4.90    4.24
-114552.698    40.105    -4.81    4.53
-114265.300    38.905    -4.17    4.57
-113977.892    37.584    -4.60    3.69
-113690.474    36.808    -2.70    3.13
-113403.046    36.337    -1.64    2.75
-113115.607    36.210    -0.44    2.36
-112828.158    36.248     0.13    2.11
-112540.698    36.124    -0.43    2.26
-112253.229    36.115    -0.03    2.39
-111965.749    36.405     1.01    2.58
-111678.258    36.860     1.58    2.36
-111390.758    36.752    -0.38    2.32
-111103.247    36.246    -1.76    2.46
-110815.725    35.368    -3.05    2.93
-110528.421    33.797    -5.47    3.81
-110243.003    31.986    -6.35    4.23
-109957.576    30.253    -6.07    3.74
-109672.139    28.790    -5.12    3.41
-109386.693    27.434    -4.75    3.18
-109101.238    26.217    -4.27    3.07
-108815.773    24.548    -5.84    3.49
-108530.299    22.927    -5.68    3.72
-108244.815    21.488    -5.04    3.69
-107959.323    20.205    -4.49    3.59
-107673.820    19.119    -3.80    3.46
-107388.309    18.218    -3.16    3.29
-107102.788    17.103    -3.90    3.12
-106817.257    16.438    -2.33    3.08
-106531.718    15.870    -1.99    2.93
-106246.168    15.156    -2.50    2.31
-105960.610    15.124    -0.11    2.35
-105675.042    15.222     0.34    2.47
-105389.465    15.564     1.20    2.60
-105103.878    15.970     1.42    2.39
-104818.282    16.518     1.92    2.17
-104532.677    16.695     0.62    2.17
-104247.062    16.445    -0.88    2.62
-103961.438    15.992    -1.58    2.87
-103675.804    15.618    -1.31    2.73
-103390.161    14.948    -2.35    2.83
-103104.509    14.076    -3.05    2.78
-102818.847    13.502    -2.01    2.77
-102533.176    13.048    -1.59    2.53
-102247.495    12.576    -1.65    2.41
-101961.805    11.991    -2.05    2.28
-101676.106    11.284    -2.48    2.03
-101390.397    10.658    -2.19    2.20
-101104.679     9.742    -3.20    2.85
-100818.951     8.830    -3.19    3.36
-100533.214     8.136    -2.43    3.39
-100247.468     7.107    -3.60    3.10
 -99961.712     6.067    -3.64    2.56
 -99675.947     5.518    -1.92    2.06
 -99390.172     5.191    -1.14    1.93
 -99104.388     4.519    -2.35    1.98
 -98818.595     4.164    -1.24    1.88
 -98532.792     4.159    -0.02    1.95
 -98246.980     4.315     0.55    2.24
 -97961.158     4.517     0.71    2.57
 -97675.327     4.569     0.18    2.84
 -97389.486     4.375    -0.68    3.02
 -97103.636     4.310    -0.23    3.33
 -96817.777     4.121    -0.66    3.61
 -96531.908     3.812    -1.08    3.53
 -96246.030     3.491    -1.12    3.19
 -95960.142     3.464    -0.10    2.72
 -95674.245     3.294    -0.59    2.52
 -95388.339     3.077    -0.76    2.20
 -95102.423     2.889    -0.66    1.97
 -94816.498     2.452    -1.53    2.09
 -94530.563     2.339    -0.40    2.14
 -94244.619     1.904    -1.52    1.98
 -93958.665     1.325    -2.02    1.54
 -93672.702     0.874    -1.58    1.59
 -93386.730     0.383    -1.72    1.86
 -93100.748    -0.217    -2.10    2.12
 -92814.757    -1.081    -3.02    2.25
 -92528.756    -1.945    -3.02    2.13
 -92242.746    -2.584    -2.24    1.98
 -91956.726    -2.854    -0.94    2.11
 -91670.697    -2.788     0.23    2.09
 -91384.658    -2.342     1.56    2.40
 -91098.610    -1.755     2.05    2.74
 -90812.553    -1.251     1.76    2.84
 -90526.486    -0.939     1.09    2.97
 -90240.410    -0.409     1.85    3.02
 -89954.324    -0.145     0.92    2.79
 -89668.229    -0.118     0.09    2.51
 -89382.124    -0.066     0.18    2.10
 -89096.010     0.014     0.28    1.87
 -88809.886    -0.058    -0.25    1.81
 -88523.753    -0.359    -1.05    1.90
 -88237.611    -0.257     0.36    1.79
 -87951.459    -0.278    -0.07    1.94
 -87665.297    -0.268     0.04    1.93
 -87379.127    -0.230     0.13    2.03
 -87092.946    -0.240    -0.03    2.01
 -86806.756    -0.182     0.20    2.10
 -86520.557    -0.110     0.25    1.96
 -86234.349    -0.052     0.20    1.73
 -85948.130    -0.197    -0.51    1.93
 -85661.903    -0.566    -1.29    1.86
 -85375.666    -1.080    -1.80    1.99
 -85089.419    -1.708    -2.19    2.39
 -84803.163    -2.363    -2.29    2.66
 -84516.897    -3.102    -2.58    2.75
 -84230.623    -3.665    -1.97    2.65
 -83944.338    -4.356    -2.41    2.04
 -83658.044    -4.938    -2.03    1.36
 -83371.741    -5.229    -1.02    1.11
 -83085.428    -5.449    -0.77    0.90
 -82799.105    -5.453    -0.01    0.84
 -82512.774    -5.384     0.24    0.85
 -82226.432    -5.302     0.29    0.92
 -81940.082    -5.245     0.20    0.87
 -81653.721    -5.248    -0.01    0.80
 -81367.351    -5.282    -0.12    0.81
 -81080.972    -5.379    -0.34    0.82
 -80794.583    -5.421    -0.15    0.80
 -80508.185    -5.588    -0.58    0.61
 -80221.777    -5.595    -0.03    0.59
 -79935.360    -5.492     0.36    0.85
 -79648.934    -5.387     0.37    0.98
 -79362.497    -5.334     0.18    1.00
 -79076.052    -5.355    -0.07    0.98
 -78789.597    -5.399    -0.15    0.94
 -78503.132    -5.430    -0.11    0.90
 -78216.658    -5.475    -0.15    0.87
 -77930.174    -5.584    -0.38    0.68
 -77643.681    -5.652    -0.24    0.52
 -77357.178    -5.635     0.06    0.50
 -77070.666    -5.596     0.14    0.50
 -76784.144    -5.630    -0.12    0.50
 -76497.613    -5.629     0.01    0.53
 -76211.072    -5.624     0.02    0.53
 -75924.522    -5.559     0.23    0.53
 -75637.962    -5.484     0.26    0.52
 -75351.393    -5.473     0.04    0.52
 -75064.815    -5.483    -0.04    0.49
 -74778.226    -5.537    -0.19    0.50
 -74491.629    -5.616    -0.28    0.50
 -74205.021    -5.682    -0.23    0.49
 -73918.405    -5.691    -0.03    0.49
 -73631.778    -5.693    -0.01    0.49
 -73345.142    -5.667     0.09    0.49
 -73058.497    -5.660     0.03    0.49
 -72771.842    -5.645     0.05    0.50
 -72485.178    -5.651    -0.02    0.50
 -72198.504    -5.706    -0.19    0.48
 -71911.820    -5.781    -0.26    0.46
 -71625.128    -5.842    -0.21    0.42
 -71338.425    -5.849    -0.02    0.42
 -71051.713    -5.821     0.09    0.44
 -70764.992    -5.803     0.06    0.45
 -70478.260    -5.742     0.21    0.47
 -70191.520    -5.666     0.27    0.49
 -69904.770    -5.480     0.65    0.95
 -69618.010    -4.138     4.68    3.90
 -69331.241    -1.971     7.56    5.89
 -69044.462     0.097     7.21    6.70
 -68757.674     2.632     8.84    6.68
 -68470.876     4.756     7.41    5.75
 -68184.069     6.603     6.44    3.87
 -67897.252     7.579     3.40    1.97
 -67610.425     7.302    -0.97    1.76
 -67323.589     6.790    -1.78    1.64
 -67036.744     6.408    -1.33    1.50
 -66749.889     6.099    -1.08    1.37
 -66463.024     5.847    -0.88    1.24
 -66176.150     5.636    -0.74    1.10
 -65889.266     5.625    -0.04    1.04
 -65602.373     5.598    -0.09    0.92
 -65315.470     5.566    -0.11    1.12
 -65028.558     5.127    -1.53    1.63
 -64741.636     4.697    -1.50    1.71
 -64454.704     4.312    -1.34    1.75
 -64167.763     3.841    -1.64    1.71
 -63880.813     3.651    -0.66    1.55
 -63593.853     3.661     0.03    1.52
 -63306.883     3.749     0.31    1.50
 -63019.904     4.009     0.90    1.57
 -62732.915     4.112     0.36    1.62
 -62445.916     4.089    -0.08    1.68
 -62158.908     4.214     0.44    1.68
 -61871.891     4.341     0.44    1.69
 -61584.864     4.571     0.80    1.65
 -61297.827     4.741     0.59    1.57
 -61010.781     4.724    -0.06    1.45
 -60723.725     4.533    -0.67    1.35
 -60436.660     4.279    -0.88    1.31
 -60149.585     4.086    -0.67    1.22
 -59862.500     4.208     0.43    1.24
 -59575.406     4.560     1.22    1.42
 -59288.302     4.809     0.87    1.69
 -59001.189     4.977     0.59    2.01
 -58714.066     5.384     1.42    2.29
 -58426.934     5.765     1.33    2.53
 -58139.792     5.927     0.56    2.78
 -57852.640     5.890    -0.13    2.81
 -57565.479     5.964     0.26    2.70
 -57278.308     6.035     0.25    2.49
 -56991.128     6.267     0.81    2.13
 -56703.938     5.832    -1.52    2.52
 -56416.738     5.356    -1.66    2.92
 -56129.529     4.845    -1.78    2.87
 -55842.310     4.355    -1.70    2.79
 -55555.082     3.776    -2.02    2.63
 -55267.844     3.197    -2.02    2.35
 -54980.597     2.765    -1.50    2.14
 -54693.340     2.341    -1.48    2.01
 -54406.073     1.912    -1.49    1.91
 -54118.797     1.338    -2.00    1.82
 -53831.511     0.868    -1.64    1.59
 -53544.215     0.731    -0.48    1.43
 -53256.910     0.776     0.16    1.52
 -52969.595     1.030     0.88    1.69
 -52682.271     1.351     1.12    1.78
 -52394.937     1.579     0.79    1.77
 -52107.593     1.840     0.91    1.74
 -51820.240     2.055     0.75    1.72
 -51532.878     2.434     1.32    1.65
 -51245.505     2.677     0.84    1.54
 -50958.123     2.892     0.75    1.40
 -50670.732     3.064     0.60    1.29
 -50383.330     3.111     0.16    1.23
 -50095.920     3.082    -0.10    1.16
 -49808.499     2.905    -0.62    1.08
 -49521.069     2.884    -0.07    1.02
 -49233.629     2.832    -0.18    1.04
 -48946.180     2.942     0.38    1.25
 -48659.034     3.370     1.49    1.95
 -48373.545     3.690     1.12    2.38
 -48088.046     4.052     1.27    2.75
 -47802.539     4.778     2.54    3.35
 -47517.023     5.482     2.47    3.71
 -47231.498     6.097     2.15    3.85
 -46945.965     7.005     3.18    4.06
 -46660.423     8.008     3.51    4.03
 -46374.872     8.803     2.78    4.03
 -46089.313    10.225     4.98    4.07
 -45803.745    11.534     4.59    3.31
 -45518.168    12.343     2.83    2.96
 -45232.582    13.103     2.66    2.57
 -44946.988    13.782     2.38    2.03
 -44661.385    13.977     0.69    1.63
 -44375.774    14.222     0.86    1.37
 -44090.153    14.353     0.46    1.40
 -43804.524    14.405     0.18    1.47
 -43518.886    14.328    -0.27    1.47
 -43233.240    14.321    -0.03    1.47
 -42947.585    14.498     0.62    1.51
 -42661.921    14.591     0.33    1.45
 -42376.248    14.630     0.14    1.49
 -42090.567    14.569    -0.21    1.55
 -41804.877    14.374    -0.68    1.58
 -41519.178    14.067    -1.07    1.61
 -41233.471    13.634    -1.52    1.92
 -40947.754    13.241    -1.37    2.03
 -40662.030    12.890    -1.23    2.01
 -40376.296    12.557    -1.17    2.13
 -40090.554    12.380    -0.62    2.38
 -39804.802    12.155    -0.79    2.46
 -39519.043    12.041    -0.40    2.36
 -39233.274    11.848    -0.67    2.07
 -38947.497    11.642    -0.72    1.92
 -38661.711    11.558    -0.29    1.77
 -38375.916    11.362    -0.68    1.61
 -38090.113    11.186    -0.62    1.59
 -37804.301    10.849    -1.18    1.76
 -37518.480    10.653    -0.69    1.83
 -37232.650    10.375    -0.97    1.96
 -36946.812    10.141    -0.82    2.01
 -36660.964     9.905    -0.82    2.02
 -36375.109     9.740    -0.58    1.97
 -36089.244     9.766     0.09    1.86
 -35803.371     9.752    -0.05    1.81
 -35517.489     9.845     0.33    1.72
 -35231.598    10.143     1.04    1.87
 -34945.698    10.308     0.58    1.98
 -34659.790    10.540     0.81    2.21
 -34373.873    11.213     2.36    2.66
 -34087.947    11.730     1.81    2.90
 -33802.013    12.201     1.65    3.11
 -33516.070    13.262     3.71    3.82
 -33230.118    14.309     3.66    3.94
 -32944.157    15.086     2.72    3.78
 -32658.187    16.251     4.07    3.45
 -32372.209    17.356     3.87    2.64
 -32086.222    17.986     2.20    2.37
 -31800.226    18.370     1.34    2.07
 -31514.222    18.744     1.31    1.70
 -31228.209    18.890     0.51    1.62
 -30942.187    18.791    -0.35    1.71
 -30656.156    18.807     0.06    1.90
 -30370.116    18.699    -0.38    2.09
 -30084.068    18.582    -0.41    2.28
 -29798.011    18.383    -0.69    2.33
 -29511.945    18.353    -0.11    2.47
 -29225.871    18.099    -0.89    2.67
 -28939.787    17.559    -1.89    2.33
 -28653.695    17.253    -1.07    2.13
 -28367.594    16.941    -1.09    1.92
 -28081.485    16.659    -0.99    1.69
 -27795.366    16.643    -0.05    1.67
 -27509.239    16.484    -0.56    1.59
 -27223.103    16.201    -0.99    1.33
 -26936.959    16.115    -0.30    1.31
 -26650.805    15.941    -0.61    1.35
 -26364.643    15.677    -0.92    1.41
 -26078.472    15.405    -0.95    1.69
 -25792.292    15.125    -0.98    1.98
 -25506.104    14.794    -1.16    2.03
 -25219.906    14.553    -0.84    2.01
 -24933.700    14.338    -0.75    2.06
 -24647.485    13.889    -1.57    2.07
 -24361.262    13.645    -0.85    1.89
 -24075.029    13.430    -0.75    1.73
 -23788.788    13.204    -0.79    1.61
 -23502.538    13.143    -0.22    1.43
 -23216.279    13.402     0.91    1.57
 -22930.012    14.023     2.17    2.60
 -22643.735    15.012     3.46    4.04
 -22357.450    15.420     1.42    4.11
 -22071.156    15.485     0.23    4.03
 -21784.853    15.171    -1.09    3.54
 -21498.542    14.612    -1.95    2.34
 -21212.222    14.258    -1.24    1.61
 -20925.892    14.112    -0.51    1.38
 -20639.555    14.202     0.31    1.31
 -20353.208    14.137    -0.23    1.29
 -20066.852    14.480     1.20    2.23
 -19780.488    14.564     0.30    2.14
 -19494.115    14.364    -0.70    1.79
 -19207.733    14.631     0.93    2.81
 -18921.343    14.095    -1.87    2.59
 -18634.943    13.331    -2.67    2.25
 -18348.535    12.765    -1.98    2.42
 -18062.118    12.240    -1.83    2.90
 -17775.692    11.542    -2.44    3.14
 -17489.257    12.124     2.03    5.47
 -17202.814    13.209     3.79    7.93
 -16916.362    14.657     5.05   10.68
 -16629.900    18.705    14.13   14.41
 -16343.431    24.386    19.83   17.01
 -16056.952    31.890    26.19   20.21
 -15770.464    41.496    33.53   22.54
 -15483.968    52.021    36.74   22.86
 -15197.463    62.071    35.08   22.19
 -14910.949    74.200    42.33   20.85
 -14624.426    85.714    40.18   19.86
 -14337.895    95.227    33.20   17.18
 -14051.354   102.780    26.36   13.87
 -13764.805   109.146    22.22    9.88
 -13478.247   112.977    13.37    6.29
 -13191.680   115.487     8.76    3.83
 -12905.105   116.616     3.94    2.89
 -12618.520   117.373     2.64    2.47
 -12331.927   118.041     2.33    2.17
 -12045.325   118.228     0.65    2.50
 -11758.714   116.579    -5.75    5.75
 -11472.094   112.182   -15.34   11.18
 -11185.465   105.633   -22.85   16.27
 -10898.828    97.258   -29.22   19.00
 -10612.182    88.608   -30.18   18.65
 -10325.526    80.493   -28.31   15.61
 -10038.862    74.741   -20.06   10.78
  -9752.190    71.648   -10.79    7.55
  -9465.508    70.460    -4.14    7.58
  -9178.818    71.434     3.40    8.67
  -8892.118    71.506     0.25   10.35
  -8605.410    69.393    -7.37   13.18
  -8318.693    65.243   -14.47   16.47
  -8031.968    58.448   -23.70   18.51
  -7745.233    50.964   -26.10   19.37
  -7458.490    43.593   -25.70   18.45
  -7171.737    35.861   -26.97   16.96
  -6884.976    30.111   -20.05   14.02
  -6598.206    26.170   -13.74   11.55
  -6311.427    23.397    -9.67    6.96
  -6024.640    24.679     4.47    8.68
  -5737.843    28.081    11.86   11.85
  -5451.038    34.015    20.69   14.99
  -5164.224    40.339    22.05   16.22
  -4877.400    47.077    23.49   15.54
  -4590.569    52.512    18.95   12.90
  -4303.728    53.560     3.65   12.00
  -4016.878    52.802    -2.64   14.07
  -3730.020    48.779   -14.02   17.06
  -3443.152    43.200   -19.45   17.90
  -3156.276    37.344   -20.41   16.92
  -2869.391    32.621   -16.46   15.50
  -2582.497    27.862   -16.59   16.23
  -2295.594    24.962   -10.11   16.63
  -2008.683    22.253    -9.44   17.26
  -1721.762    19.077   -11.07   17.49
  -1434.833    15.303   -13.15   16.82
  -1147.895    11.537   -13.12   15.09
   -860.948     8.294   -11.30   12.66
   -573.992     5.734    -8.92   10.30
   -287.027     3.265    -8.60    7.64
     -0.053     1.631    -5.69    4.92
    286.929     0.416    -4.23    1.91
    573.921     0.089    -1.14    0.88
    860.921    -0.073    -0.56    0.00
   1147.930    -0.073     0.00    0.00
   1434.948    -0.073     0.00    0.00
   1721.975    -0.073     0.00    0.00
   2009.011    -0.073     0.00    0.00
   2296.056    -0.073     0.00    0.00
   2583.109    -0.073     0.00    0.00
   2870.172    -0.073     0.00    0.00
   3157.243    -0.073     0.00    0.00
   3444.323     0.114     0.65    0.90
   3731.412     0.238     0.43    1.13
   4018.510     0.309     0.25    1.20
   4305.617     0.556     0.86    1.51
   4592.732     1.014     1.60    2.47
   4879.857     1.478     1.62    3.24
   5166.991     2.077     2.08    3.65
   5454.133     2.559     1.68    3.88
   5741.284     2.728     0.59    3.92
   6028.444     2.787     0.20    3.72
   6315.613     2.817     0.11    3.54
   6602.791     2.693    -0.43    3.17
   6889.978     2.963     0.94    3.15
   7177.174     3.275     1.09    3.12
   7464.378     3.646     1.29    3.23
   7751.592     4.241     2.07    3.64
   8038.814     4.746     1.76    4.08
   8326.046     4.835     0.31    4.15
   8613.286     4.712    -0.43    4.20
   8900.535     4.397    -1.10    4.18
   9187.793     3.532    -3.01    3.98
   9475.060     2.705    -2.88    3.53
   9762.336     2.050    -2.28    2.55
  10049.620     2.082     0.11    2.17
  10336.914     2.413     1.15    2.38
  10624.217     3.537     3.91    3.52
  10911.528     5.303     6.15    5.39
  11198.848     7.948     9.21    7.81
  11486.178    11.477    12.28    9.96
  11773.516    14.553    10.71   10.92
  12060.863    18.248    12.86   10.90
  12348.219    21.898    12.70    9.98
  12635.584    23.913     7.01    8.78
  12922.958    24.941     3.58    8.02
  13209.958    24.514    -1.49    7.93
  13495.521    22.342    -7.60    8.29
  13781.092    19.641    -9.46    8.64
  14066.671    16.831    -9.84    8.21
  14352.259    14.012    -9.87    7.21
  14637.854    12.225    -6.26    5.86
  14923.457    11.108    -3.91    5.35
  15209.068    10.320    -2.76    4.99
  15494.687     9.380    -3.29    4.72
  15780.314     7.970    -4.94    3.70
  16065.950     7.130    -2.94    3.20
  16351.593     6.413    -2.51    3.18
  16637.244     5.593    -2.87    2.97
  16922.903     5.292    -1.06    3.33
  17208.571     5.005    -1.00    4.07
  17494.246     5.477     1.65    5.40
  17779.930     6.559     3.79    7.67
  18065.621     8.487     6.75   10.66
  18351.320    10.664     7.62   13.49
  18637.028    14.601    13.78   17.10
  18922.743    18.765    14.57   20.15
  19208.467    22.310    12.41   21.41
  19494.198    26.066    13.15   21.37
  19779.938    30.969    17.16   23.15
  20065.686    35.556    16.05   23.36
  20351.441    39.514    13.85   20.71
  20637.205    46.243    23.55   20.77
  20922.977    53.941    26.94   22.22
  21208.756    62.559    30.16   24.89
  21494.544    74.589    42.09   28.24
  21780.340    86.370    41.23   30.55
  22066.144    97.282    38.18   30.79
  22351.956   109.514    42.80   29.79
  22637.776   115.248    20.06   30.59
  22923.604   122.227    24.42   32.32
  23209.440   127.419    18.17   34.24
  23495.284   128.694     4.46   37.95
  23781.136   130.013     4.61   40.06
  24066.996   130.898     3.09   40.37
  24352.864   130.731    -0.58   43.45
  24638.741   129.303    -5.00   44.23
  24924.625   127.613    -5.91   42.23
  25210.517   129.484     6.54   43.44
  25496.418   130.531     3.66   43.43
  25782.326   130.398    -0.47   40.39
  26068.243   135.353    17.33   40.40
  26354.167   135.469     0.40   41.74
  26640.100   136.155     2.40   40.95
  26926.041   135.339    -2.85   40.88
  27211.989   130.483   -16.98   42.16
  27497.946   124.078   -22.40   41.40
  27783.911   114.412   -33.80   39.41
  28069.884   101.437   -45.37   36.15
  28355.865    86.662   -51.66   34.96
  28641.854    71.243   -53.92   32.48
  28927.851    59.708   -40.33   26.25
  29213.856    49.757   -34.80   18.10
  29499.869    44.209   -19.39   13.10
  29785.891    42.892    -4.61   12.16
  30071.920    43.920     3.59   13.03
  30357.957    46.108     7.65   12.72
  30644.003    48.049     6.79   12.24
  30930.056    50.624     9.00   13.17
  31216.118    53.412     9.75   13.92
  31502.188    54.540     3.94   14.69
  31788.265    57.476    10.26   16.71
  32074.351    60.301     9.87   17.91
  32360.445    64.365    14.20   19.08
  32646.547    71.288    24.20   22.03
  32932.657    79.115    27.36   25.26
  33218.775    88.391    32.42   27.56
  33504.901    99.307    38.15   29.25
  33791.036   114.237    52.18   32.35
  34077.178   130.765    57.76   34.16
  34363.328   147.527    58.58   39.10
  34649.487   165.976    64.47   44.64
  34935.653   189.028    80.56   52.15
  35221.828   214.188    87.92   58.34
  35508.011   238.218    83.97   60.82
  35794.202   265.986    97.03   56.31
  36080.400   279.655    47.76   48.56
  36366.607   281.863     7.72   48.56
  36652.822   273.184   -30.32   61.32
  36939.046   250.296   -79.97   75.79
  37225.277   222.836   -95.94   78.20
  37511.516   195.394   -95.87   71.28
  37797.764   169.633   -90.00   59.04
  38084.019   149.520   -70.26   49.64
  38370.283   136.913   -44.04   46.61
  38656.554   130.427   -22.66   45.94
  38942.834   122.748   -26.82   46.06
  39229.122   116.948   -20.26   44.07
  39515.418   108.059   -31.05   40.41
  39801.722    96.684   -39.73   41.00
  40088.034    86.341   -36.12   43.20
  40374.354    76.978   -32.70   43.86
  40660.682    62.434   -50.80   40.95
  40947.019    48.472   -48.76   33.04
  41233.363    36.015   -43.50   19.35
  41519.716    28.379   -26.67   12.48
  41806.077    23.748   -16.17    8.43
  42092.446    20.412   -11.65    7.34
  42378.823    17.118   -11.50    7.69
  42665.208    13.878   -11.31    7.81
  42951.601    11.179    -9.43    7.58
  43238.002     7.919   -11.38    6.88
  43524.411     5.522    -8.37    5.55
  43810.829     3.770    -6.12    4.40
  44097.254     2.861    -3.17    3.76
  44383.688     2.409    -1.58    3.10
  44670.130     2.512     0.36    3.47
  44956.580     2.391    -0.43    4.07
  45243.038     2.638     0.86    4.50
  45529.504     3.157     1.81    5.56
  45815.978     3.434     0.97    6.09
  46102.460     4.224     2.76    6.76
  46388.951     4.976     2.63    7.37
  46675.449     5.369     1.37    7.62
  46961.956     6.554     4.14    7.96
  47248.471     7.011     1.59    7.97
  47534.994     7.502     1.71    7.79
  47821.525     7.796     1.03    7.90
  48108.064     7.020    -2.71    8.14
  48394.611     5.466    -5.42    7.72
  48681.166     3.695    -6.18    6.67
  48967.730     1.983    -5.97    5.30
  49254.302     0.507    -5.15    3.59
  49540.881    -0.603    -3.87    1.30
  49827.469    -0.902    -1.04    0.48
  50114.065    -0.924    -0.08    0.45
  50400.669    -0.928    -0.01    0.44
  50687.282    -0.936    -0.03    0.44
  50973.902    -0.948    -0.04    0.42
  51260.531    -0.978    -0.11    0.34
  51547.167    -1.001    -0.08    0.31
  51833.812    -0.988     0.05    0.42
  52120.465    -0.970     0.06    0.46
  52407.126    -0.920     0.18    0.57
  52693.795    -0.901     0.07    0.58
  52980.472    -0.893     0.03    0.59
  53267.158    -0.869     0.09    0.63
  53553.852    -0.937    -0.24    0.50
  53840.553    -0.938    -0.00    0.50
  54127.263    -0.889     0.17    0.57
  54413.981    -0.825     0.22    0.60
  54700.707    -0.742     0.29    0.72
  54987.442    -0.617     0.44    0.86
  55274.184    -0.556     0.21    0.94
  55560.935    -0.385     0.59    1.06
  55847.693    -0.044     1.19    1.27
  56134.460     0.359     1.41    1.48
  56421.235     0.711     1.23    1.57
  56708.018     0.985     0.95    1.70
  56994.810     1.130     0.51    1.75
  57281.609     1.413     0.99    1.91
  57568.417     1.722     1.08    1.80
  57855.232     1.956     0.82    1.71
  58142.056     2.527     1.99    2.08
  58428.888     3.369     2.94    2.67
  58715.729     4.579     4.22    3.14
  59002.577     5.706     3.93    3.30
  59289.433     6.884     4.11    3.42
  59576.298     8.015     3.94    3.04
  59863.171     9.145     3.94    2.96
  60150.052    10.111     3.37    2.83
  60436.941    10.986     3.05    2.69
  60723.838    11.708     2.52    2.86
  61010.744    11.955     0.86    3.09
  61297.657    12.463     1.77    3.11
  61584.579    12.991     1.84    3.19
  61871.509    13.869     3.06    3.11
  62158.447    14.441     1.99    3.74
  62445.394    15.452     3.52    4.26
  62732.348    16.283     2.90    4.78
  63019.311    17.137     2.97    4.88
  63306.281    18.557     4.95    4.31
  63593.260    20.265     5.95    3.33
  63880.247    21.308     3.64    2.82
  64167.243    21.383     0.26    2.76
  64454.246    21.193    -0.66    3.21
  64741.258    21.138    -0.19    3.25
  65028.278    21.144     0.02    3.20
  65315.306    20.696    -1.56    3.11
  65602.342    20.402    -1.02    3.02
  65889.386    20.224    -0.62    3.09
  66176.439    19.941    -0.99    2.86
  66463.499    19.487    -1.58    2.82
  66750.568    19.405    -0.29    3.08
  67037.645    20.084     2.37    3.66
  67324.730    21.529     5.04    5.21
  67611.824    23.282     6.10    5.99
  67898.925    24.740     5.08    6.57
  68186.035    26.700     6.83    7.19
  68473.153    29.263     8.93    7.96
  68760.279    32.051     9.71    8.96
  69047.413    35.884    13.35    9.55
  69334.556    40.659    16.63    9.31
  69621.707    44.905    14.79    8.97
  69908.865    48.878    13.84    7.90
  70196.032    52.515    12.67    6.83
  70483.208    56.000    12.13    6.34
  70770.391    58.522     8.78    6.43
  71057.583    61.185     9.27    6.35
  71344.783    64.419    11.26    6.67
  71631.991    68.207    13.19    7.38
  71919.207    71.723    12.24    7.83
  72206.431    74.992    11.38    7.56
  72493.664    78.232    11.28    7.52
  72780.905    81.970    13.01    7.62
  73068.154    85.831    13.44    7.29
  73355.411    89.238    11.86    6.85
  73642.676    92.066     9.84    6.18
  73929.950    94.217     7.49    5.63
  74217.232    95.971     6.11    4.42
  74504.522    96.962     3.45    5.01
  74791.820    98.051     3.79    7.04
  75078.689    98.688     2.22    9.65
  75364.323   100.005     4.61   12.22
  75649.964   101.849     6.46   13.33
  75935.612   103.714     6.53   13.65
  76221.268   105.819     7.37   14.20
  76506.931   108.165     8.21   14.60
  76792.602   109.073     3.18   14.89
