-130478.556     9.503     0.00    1.19
-130192.396     9.486    -0.06    1.14
-129906.226     9.500     0.05    1.21
-129620.045     9.465    -0.12    1.20
-129333.853     9.403    -0.21    1.15
-129047.650     9.216    -0.65    1.15
-128761.436     8.834    -1.34    1.35
-128475.212     8.490    -1.20    1.43
-128188.976     8.080    -1.43    1.55
-127902.730     7.841    -0.84    1.61
-127616.473     7.465    -1.31    1.88
-127330.206     7.185    -0.98    1.97
-127043.927     6.952    -0.81    1.87
-126757.638     6.987     0.12    1.87
-126471.338     6.816    -0.60    1.76
-126185.027     6.893     0.27    1.86
-125898.705     6.945     0.18    1.82
-125612.372     6.966     0.07    1.74
-125326.029     7.037     0.25    1.76
-125039.675     7.056     0.07    1.71
-124753.310     7.002    -0.19    1.72
-124466.934     6.855    -0.52    1.71
-124180.547     6.731    -0.43    1.58
-123894.150     6.721    -0.04    1.61
-123607.741     6.892     0.60    1.71
-123321.322     7.060     0.59    1.77
-123034.892     7.116     0.20    1.87
-122748.451     7.147     0.11    1.98
-122461.999     6.990    -0.55    2.11
-122175.537     6.774    -0.76    2.10
-121889.064     6.411    -1.27    2.01
-121602.579     6.109    -1.06    1.87
-121316.084     5.814    -1.03    1.80
-121029.578     5.663    -0.53    1.72
-120743.062     5.604    -0.21    1.96
-120456.534     5.329    -0.96    2.08
-120169.995     5.092    -0.83    2.20
-119883.446     5.176     0.29    2.66
-119596.886     5.019    -0.55    2.96
-119310.315     4.850    -0.59    2.92
-119023.733     4.743    -0.37    2.94
-118737.140     4.470    -0.95    2.76
-118450.537     4.306    -0.57    2.36
-118163.922     4.325     0.07    1.88
-117877.297     4.429     0.36    1.56
-117590.661     4.403    -0.09    1.40
-117304.014     4.483     0.28    2.03
-117017.356     5.951     5.12    4.90
-116730.687    10.611    16.25   10.97
-116444.008    17.086    22.59   16.37
-116157.317    26.579    33.11   22.05
-115870.616    37.542    38.24   25.08
-115583.903    49.263    40.88   25.43
-115297.180    60.411    38.88   23.47
-115010.446    67.696    25.41   20.29
-114723.701    70.377     9.35   18.88
-114436.946    68.132    -7.83   21.34
-114150.179    60.567   -26.38   24.35
-113863.401    51.367   -32.08   25.63
-113576.613    41.221   -35.37   24.04
-113289.814    32.324   -31.02   18.26
-113003.003    25.465   -23.91   12.35
-112716.182    21.945   -12.28    8.46
-112429.350    20.665    -4.46    7.40
-112142.507    20.716     0.18    6.42
-111855.654    21.795     3.76    6.31
-111568.789    23.188     4.86    6.32
-111281.913    25.005     6.33    6.62
-110995.027    28.429    11.94    8.30
-110708.130    32.515    14.24   11.12
-110421.221    39.296    23.64   14.29
-110134.302    47.706    29.31   17.10
-109847.372    58.218    36.64   20.69
-109560.431    68.864    37.10   24.37
-109273.479    82.321    46.89   26.91
-108986.516    96.630    49.86   29.78
-108699.543   112.011    53.60   34.45
-108412.558   128.591    57.77   43.71
-108125.562   148.800    70.41   54.77
-107838.556   165.236    57.27   59.67
-107551.539   181.849    57.88   68.43
-107264.510   189.268    25.85   66.75
-106977.471   185.871   -11.84   66.87
-106690.421   176.528   -32.55   64.24
-106403.360   159.571   -59.07   59.09
-106116.288   138.036   -75.01   51.50
-105829.205   118.325   -68.66   44.64
-105542.111    99.300   -66.27   36.85
-105255.006    82.375   -58.95   28.46
-104967.891    70.253   -42.22   19.73
-104680.764    60.771   -33.02   14.57
-104393.626    57.168   -12.55   11.42
-104106.478    56.023    -3.99   12.58
-103819.318    57.737     5.97   15.71
-103532.148    62.263    15.76   20.50
-103244.966    68.620    22.13   26.93
-102957.774    79.771    38.83   35.62
-102670.571    94.929    52.78   47.23
-102383.357   112.765    62.10   56.84
-102096.132   130.836    62.91   63.46
-101808.896   143.900    45.48   62.48
-101521.648   154.206    35.88   57.86
-101234.390   154.705     1.74   56.02
-100947.122   151.369   -11.61   54.70
-100659.842   133.519   -62.13   58.84
-100372.551   113.392   -70.05   62.44
-100085.249    88.591   -86.32   63.23
 -99797.936    64.475   -83.93   59.42
 -99510.612    45.796   -65.01   49.63
 -99223.278    30.473   -53.33   34.81
 -98935.932    20.471   -34.81   16.67
 -98648.575    17.138   -11.60    6.30
 -98361.208    18.297     4.03    5.57
 -98073.829    19.663     4.75    5.14
 -97786.440    21.291     5.67    5.11
 -97499.039    22.692     4.87    5.12
 -97211.628    24.722     7.06    5.40
 -96924.205    26.668     6.77    5.75
 -96636.772    29.058     8.31    6.69
 -96349.327    31.491     8.47    7.58
 -96061.872    33.841     8.17    8.04
 -95774.405    36.450     9.08    7.87
 -95486.928    40.283    13.33    6.28
 -95199.439    43.572    11.44    6.66
 -94911.940    47.404    13.33    7.65
 -94624.430    51.531    14.36    9.69
 -94336.908    55.843    15.00   11.89
 -94049.376    58.989    10.94   13.11
 -93761.833    61.650     9.26   15.07
 -93474.278    63.324     5.82   14.81
 -93186.713    65.988     9.26   16.02
 -92899.137    66.630     2.23   16.16
 -92611.549    66.817     0.65   15.28
 -92323.951    67.749     3.24   14.76
 -92036.342    67.374    -1.30   11.88
 -91749.119    69.871     8.69   12.55
 -91463.764    72.843    10.42   14.36
 -91178.399    77.131    15.03   17.66
 -90893.023    85.250    28.45   22.98
 -90607.638    95.019    34.23   29.68
 -90322.243   107.765    44.66   35.75
 -90036.837   123.674    55.74   40.31
 -89751.422   142.776    66.93   44.35
 -89465.997   162.365    68.63   47.07
 -89180.561   188.148    90.33   44.57
 -88895.116   207.393    67.42   42.85
 -88609.660   224.069    58.42   38.81
 -88324.195   240.474    57.47   36.99
 -88038.719   248.210    27.10   40.45
 -87753.234   254.700    22.73   44.99
 -87467.738   260.337    19.74   46.94
 -87182.233   259.509    -2.90   52.49
 -86896.717   260.422     3.20   54.18
 -86611.191   262.469     7.17   53.06
 -86325.656   263.246     2.72   49.77
 -86040.110   267.793    15.93   45.92
 -85754.554   271.443    12.78   42.87
 -85468.988   276.791    18.73   39.66
 -85183.412   285.679    31.13   36.36
 -84897.826   292.072    22.38   37.59
 -84612.230   296.624    15.94   40.44
 -84326.624   295.562    -3.72   44.15
 -84041.008   289.418   -21.51   48.99
 -83755.382   276.782   -44.24   53.40
 -83469.746   259.900   -59.10   53.89
 -83184.099   247.589   -43.10   48.45
 -82898.443   232.130   -54.11   39.07
 -82612.777   221.532   -37.10   30.38
 -82327.100   214.492   -24.64   28.90
 -82041.414   203.792   -37.45   34.46
 -81755.717   189.213   -51.03   40.83
 -81470.010   175.929   -46.49   43.54
 -81184.294   163.752   -42.62   39.73
 -80898.567   155.367   -29.35   35.53
 -80612.830   149.579   -20.25   29.87
 -80327.083   145.288   -15.02   25.56
 -80041.326   145.554     0.93   27.04
 -79755.559   148.367     9.84   27.17
 -79469.782   148.504     0.48   25.39
 -79183.995   147.665    -2.94   22.72
 -78898.198   145.863    -6.30   16.69
 -78612.390   145.048    -2.85   11.17
 -78326.573   147.943    10.13   12.30
 -78040.745   150.503     8.95   12.12
 -77754.908   153.879    11.81   13.70
 -77469.060   156.515     9.22   12.28
 -77183.202   157.584     3.74   10.08
 -76897.335   158.418     2.92    7.94
 -76611.457   158.841     1.48    6.43
 -76325.569   160.900     7.20    6.16
 -76039.670   163.465     8.97    8.10
 -75753.762   167.707    14.84   12.97
 -75467.844   175.676    27.87   20.59
 -75181.916   188.606    45.22   29.57
 -74895.977   203.772    53.04   36.87
 -74610.029   222.690    66.16   49.04
 -74324.070   248.549    90.43   66.08
 -74038.101   276.742    98.59   82.24
 -73752.122   304.952    98.64   87.20
 -73466.133   327.980    80.52   82.98
 -73180.134   345.610    61.64   75.92
 -72894.125   360.049    50.48   68.62
 -72608.106   356.785   -11.41   64.52
 -72322.076   346.900   -34.56   59.41
 -72036.037   336.537   -36.23   50.62
 -71749.987   327.531   -31.48   53.01
 -71463.928   314.915   -44.10   57.58
 -71177.858   303.156   -41.11   58.05
 -70891.778   288.604   -50.87   54.94
 -70605.688   279.930   -30.32   50.28
 -70319.588   278.650    -4.47   53.72
 -70033.477   284.589    20.75   60.56
 -69747.357   300.608    55.99   74.29
 -69461.226   325.972    88.64   88.12
 -69175.086   352.549    92.88   87.23
 -68888.935   366.835    49.92   79.39
 -68602.774   356.100   -37.51   80.54
 -68316.603   332.622   -82.04   91.39
 -68030.422   299.097  -117.14   89.90
 -67744.230   266.163  -115.08   77.05
 -67458.029   237.591   -99.83   61.80
 -67171.817   209.542   -98.00   48.97
 -66885.596   185.765   -83.07   39.25
 -66599.364   167.829   -62.66   32.84
 -66313.122   158.146   -33.83   28.61
 -66026.870   153.368   -16.69   25.74
 -65740.608   152.348    -3.56   20.52
 -65454.335   158.775    22.45   23.65
 -65168.053   170.843    42.15   28.63
 -64881.760   187.464    58.05   33.09
 -64595.457   205.739    63.83   36.77
 -64309.144   222.197    57.48   41.54
 -64022.821   237.027    51.79   45.34
 -63736.488   259.600    78.84   55.52
 -63450.145   279.729    70.30   58.02
 -63163.791   298.010    63.84   58.76
 -62877.427   317.051    66.49   61.86
 -62591.054   331.071    48.96   63.11
 -62304.670   344.519    46.96   71.46
 -62018.275   352.466    27.75   75.68
 -61731.871   350.752    -5.99   82.52
 -61445.457   350.404    -1.21   91.92
 -61159.032   346.562   -13.41   94.00
 -60872.597   336.684   -34.48   98.05
 -60586.152   324.826   -41.40   94.16
 -60299.697   305.960   -65.86   87.70
 -60013.232   290.555   -53.77   79.91
 -59726.756   277.047   -47.15   69.97
 -59440.271   262.965   -49.15   60.68
 -59153.775   248.086   -51.93   46.92
 -58867.269   236.507   -40.41   36.62
 -58580.753   227.386   -31.84   27.80
 -58294.226   218.810   -29.93   22.21
 -58007.690   213.008   -20.25   20.49
 -57721.143   206.542   -22.56   20.53
 -57434.586   199.564   -24.35   20.87
 -57148.019   194.736   -16.85   23.94
 -56861.442   187.930   -23.75   27.45
 -56574.855   186.703    -4.28   32.98
 -56288.257   182.688   -14.01   34.96
 -56001.649   178.174   -15.75   34.83
 -55715.032   173.248   -17.19   37.89
 -55428.403   162.144   -38.74   37.39
 -55141.765   153.201   -31.20   39.13
 -54855.117   140.493   -44.33   36.87
 -54568.458   127.721   -44.56   30.43
 -54281.789   120.458   -25.34   21.84
 -53995.110   117.929    -8.82   20.88
 -53708.421   119.892     6.85   26.08
 -53421.721   127.465    26.41   32.81
 -53135.011   134.997    26.27   35.14
 -52848.291   139.718    16.46   37.06
 -52561.561   139.659    -0.20   37.13
 -52274.821   132.614   -24.57   37.54
 -51988.071   125.282   -25.57   41.66
 -51701.310   113.550   -40.91   42.89
 -51414.539    98.429   -52.73   40.96
 -51127.758    83.986   -50.36   38.73
 -50840.966    70.161   -48.21   33.06
 -50554.165    58.715   -39.91   23.69
 -50267.353    51.596   -24.82   16.83
 -49980.531    46.778   -16.80    9.49
 -49693.699    44.900    -6.55    4.71
 -49406.856    46.085     4.13    4.95
 -49120.004    47.439     4.72    5.11
 -48833.141    49.362     6.70    5.88
 -48546.268    51.731     8.26    7.66
 -48259.385    55.074    11.65   10.24
 -47972.491    59.670    16.02   14.46
 -47685.587    66.093    22.39   18.90
 -47398.673    74.236    28.38   23.35
 -47111.749    83.359    31.80   25.84
 -46824.815    90.512    24.93   25.49
 -46537.870    96.144    19.63   22.64
 -46250.915    99.534    11.81   18.66
 -45963.950    99.455    -0.28   16.76
 -45676.975    95.610   -13.40   18.11
 -45389.989    88.779   -23.80   20.70
 -45102.993    79.318   -32.97   22.84
 -44815.987    69.185   -35.31   21.93
 -44528.971    59.608   -33.37   19.99
 -44241.944    50.609   -31.35   16.18
 -43954.907    44.422   -21.55   11.75
 -43667.860    40.404   -14.00    8.20
 -43380.803    37.966    -8.49    5.60
 -43093.736    36.988    -3.41    5.28
 -42806.658    36.556    -1.50    5.59
 -42519.570    36.001    -1.93    5.62
 -42232.471    34.863    -3.96    5.24
 -41945.363    34.033    -2.89    4.63
 -41658.244    33.332    -2.44    3.36
 -41371.115    33.601     0.94    3.92
 -41083.976    36.361     9.61    8.12
 -40796.826    40.937    15.94   13.55
 -40509.666    47.071    21.36   19.82
 -40222.496    54.676    26.48   22.92
 -39935.316    60.564    20.50   22.13
 -39648.125    65.681    17.82   20.47
 -39360.924    71.039    18.65   17.56
 -39073.713    74.013    10.36   14.69
 -38786.491    77.565    12.36   12.33
 -38499.260    80.581    10.50   11.51
 -38212.018    83.615    10.56   11.91
 -37924.766    86.858    11.29   11.01
 -37637.503    89.437     8.98   10.09
 -37350.230    91.087     5.74   10.16
 -37062.947    93.574     8.66   10.64
 -36775.654    95.029     5.06   11.98
 -36488.350    95.560     1.85   11.85
 -36201.036    97.161     5.57   10.90
 -35913.712    98.443     4.46   12.57
 -35626.377   101.292     9.92   13.62
 -35339.033   104.994    12.88   14.00
 -35051.678   110.541    19.30   14.85
 -34764.312   118.068    26.19   17.52
 -34476.937   124.665    22.95   17.85
 -34189.551   131.385    23.38   15.96
 -33902.154   134.216     9.85   14.87
 -33614.748   133.822    -1.37   17.27
 -33327.331   130.018   -13.24   21.90
 -33039.904   124.138   -20.46   24.28
 -32752.467   116.885   -25.23   21.94
 -32465.019   112.694   -14.58   17.86
 -32177.561   110.696    -6.95   17.90
 -31890.092   113.974    11.40   20.55
 -31602.614   120.411    22.39   22.51
 -31315.125   128.462    28.00   22.43
 -31027.626   135.141    23.23   22.46
 -30740.116   138.600    12.03   22.91
 -30452.596   143.243    16.15   23.23
 -30165.066   148.404    17.95   23.04
 -29878.005   152.813    15.36   23.37
 -29592.577   152.959     0.51   23.04
 -29307.140   147.569   -18.88   26.30
 -29021.694   137.292   -36.00   29.74
 -28736.238   130.400   -24.15   32.79
 -28450.773   122.629   -27.22   33.59
 -28165.299   117.780   -16.98   30.84
 -27879.815   118.708     3.25   34.80
 -27594.322   126.979    28.97   43.77
 -27308.820   136.864    34.62   46.59
 -27023.308   145.497    30.24   44.71
 -26737.787   150.679    18.15   40.51
 -26452.256   153.198     8.82   40.73
 -26166.716   145.425   -27.22   47.65
 -25881.167   131.893   -47.39   52.97
 -25595.608   113.676   -63.79   52.23
 -25310.040   100.152   -47.36   48.12
 -25024.463    87.826   -43.16   43.94
 -24738.876    77.316   -36.80   37.69
 -24453.280    70.743   -23.01   31.30
 -24167.675    69.648    -3.83   29.84
 -23882.060    73.965    15.11   32.80
 -23596.435    81.893    27.76   35.53
 -23310.802    86.661    16.69   31.50
 -23025.159    87.219     1.95   28.04
 -22739.506    82.760   -15.61   28.90
 -22453.844    78.135   -16.19   31.07
 -22168.173    69.333   -30.81   31.69
 -21882.493    60.042   -32.52   27.73
 -21596.803    52.315   -27.05   17.08
 -21311.103    50.058    -7.90   10.65
 -21025.395    55.253    18.18   14.27
 -20739.676    63.454    28.70   18.20
 -20453.949    78.172    51.51   27.96
 -20168.212    95.631    61.10   36.87
 -19882.466   116.929    74.53   42.47
 -19596.710   132.241    53.58   40.19
 -19310.945   143.107    38.03   35.44
 -19025.170   149.562    22.59   32.82
 -18739.386   153.167    12.61   32.92
 -18453.593   152.598    -1.99   36.04
 -18167.790   151.879    -2.52   38.42
 -17881.978   153.790     6.69   38.32
 -17596.157   158.843    17.68   39.52
 -17310.326   166.528    26.89   38.31
 -17024.485   176.270    34.08   39.42
 -16738.636   184.165    27.62   35.50
 -16452.776   185.780     5.65   33.93
 -16166.908   183.500    -7.98   34.38
 -15881.030   179.404   -14.33   39.11
 -15595.142   170.556   -30.95   40.10
 -15309.246   156.343   -49.71   39.75
 -15023.339   139.979   -57.24   37.84
 -14737.424   128.451   -40.32   36.39
 -14451.499   122.807   -19.74   33.59
 -14165.564   121.922    -3.09   32.31
 -13879.620   125.238    11.60   38.49
 -13593.667   131.816    23.00   45.14
 -13307.704   132.959     4.00   46.69
 -13021.732   134.788     6.40   46.86
 -12735.750   135.342     1.94   46.13
 -12449.759   135.333    -0.03   43.02
 -12163.759   129.097   -21.80   37.22
 -11877.749   123.490   -19.60   33.33
 -11591.730   120.206   -11.48   32.11
 -11305.701   110.993   -32.21   33.26
 -11019.663   100.665   -36.11   29.70
 -10733.615    91.118   -33.38   28.43
 -10447.558    82.865   -28.85   27.18
 -10161.492    76.094   -23.67   27.30
  -9875.416    69.144   -24.29   24.87
  -9589.331    62.816   -22.12   20.87
  -9303.236    55.119   -26.90   17.22
  -9017.132    50.443   -16.34   15.90
  -8731.018    44.865   -19.50   15.30
  -8444.895    38.488   -22.29   13.85
  -8158.762    33.332   -18.02   13.19
  -7872.620    27.418   -20.67   11.68
  -7586.469    21.848   -19.47   10.98
  -7300.308    16.900   -17.29   10.55
  -7014.138    12.576   -15.11    8.52
  -6727.958     9.694   -10.07    7.19
  -6441.769     7.267    -8.48    6.01
  -6155.570     5.174    -7.31    4.38
  -5869.362     3.993    -4.13    3.32
  -5583.144     3.002    -3.46    2.30
  -5296.917     2.455    -1.91    2.19
  -5010.681     2.087    -1.29    2.08
  -4724.435     1.625    -1.62    1.84
  -4438.179     1.255    -1.29    1.64
  -4151.914     0.828    -1.49    1.25
  -3865.640     0.648    -0.63    1.15
  -3579.356     0.683     0.12    1.36
  -3293.063     0.800     0.41    1.57
  -3006.760     0.966     0.58    1.73
  -2720.448     1.176     0.73    1.74
  -2434.126     1.315     0.49    1.73
  -2147.795     1.492     0.62    1.63
  -1861.455     1.415    -0.27    1.65
  -1575.104     1.287    -0.45    1.58
  -1288.745     1.078    -0.73    1.48
  -1002.376     0.743    -1.17    1.46
   -715.997     0.426    -1.11    1.40
   -429.609     0.258    -0.59    1.33
   -143.212     0.350     0.32    1.41
    143.195     0.385     0.12    1.37
    429.611     0.443     0.20    1.46
    716.037     0.572     0.45    1.53
   1002.473     0.659     0.31    1.51
   1288.918     0.574    -0.30    1.49
   1575.372     0.396    -0.62    1.50
   1861.836     0.221    -0.61    1.46
   2148.309     0.108    -0.39    1.34
   2434.792    -0.006    -0.39    1.21
   2721.284     0.031     0.13    1.40
   3007.786     0.215     0.64    1.55
   3294.297     0.318     0.36    1.67
   3580.818     0.558     0.84    1.82
   3867.348     0.871     1.09    2.08
   4153.888     1.285     1.45    2.46
   4440.437     1.843     1.95    3.08
   4726.996     1.811    -0.11    3.31
   5013.564     1.659    -0.53    3.30
   5300.142     2.041     1.33    3.55
   5586.729     2.124     0.29    3.61
   5873.326     1.922    -0.70    3.54
   6159.932     1.562    -1.25    3.30
   6446.548     1.163    -1.39    2.83
   6733.174     0.737    -1.48    2.44
   7019.808     0.415    -1.13    2.15
   7306.453    -0.093    -1.77    1.55
   7593.106    -0.291    -0.69    1.34
   7879.770    -0.564    -0.95    1.21
   8166.443    -0.730    -0.58    0.93
   8453.125    -0.848    -0.41    0.68
   8739.817    -0.885    -0.13    0.63
   9026.518    -1.000    -0.40    0.39
   9313.229    -0.927     0.25    0.63
   9599.949    -0.966    -0.14    0.56
   9886.679    -1.006    -0.14    0.50
  10173.419    -1.012    -0.02    0.49
  10460.168    -1.063    -0.18    0.26
  10746.926    -1.085    -0.08    0.00
  11033.694    -1.085     0.00    0.00
  11320.472    -1.085     0.00    0.00
  11607.259    -1.085     0.00    0.00
  11894.056    -1.063     0.08    0.26
  12180.862    -1.042     0.07    0.36
  12467.677    -1.042    -0.00    0.36
  12754.503    -1.041     0.01    0.36
  13041.337    -1.042    -0.01    0.36
  13328.182    -1.041     0.00    0.36
  13615.035    -1.085    -0.15    0.00
  13901.899    -1.078     0.02    0.08
  14188.772    -1.085    -0.02    0.00
  14475.654    -1.085     0.00    0.00
  14762.546    -1.085     0.00    0.00
  15049.447    -1.085     0.00    0.00
  15336.358    -1.085     0.00    0.00
  15623.279    -1.085     0.00    0.00
  15910.209    -1.085     0.00    0.00
  16197.149    -1.085     0.00    0.00
  16484.098    -1.085     0.00    0.00
  16771.057    -1.085     0.00    0.00
  17058.025    -0.985     0.35    0.71
  17345.003    -0.856     0.45    1.09
  17631.990    -0.730     0.44    1.29
  17918.987    -0.426     1.06    1.81
  18205.994    -0.041     1.34    2.50
  18493.010     0.807     2.95    4.20
  18780.036     2.418     5.61    6.54
  19067.071     4.170     6.10    8.37
  19354.116     6.457     7.97    9.81
  19641.170    10.218    13.10   11.70
  19928.234    13.972    13.08   12.65
  20215.307    18.608    16.15   13.37
  20502.390    22.415    13.26   14.05
  20789.483    25.816    11.85   15.20
  21076.585    30.400    15.97   15.33
  21363.697    35.959    19.36   15.04
  21650.818    41.248    18.42   13.84
  21937.949    45.126    13.51   12.27
  22225.089    48.900    13.14    9.85
  22512.239    50.433     5.34    7.96
  22799.399    50.159    -0.95    7.38
  23086.568    46.679   -12.12   10.74
  23373.747    42.102   -15.94   12.89
  23660.935    37.026   -17.67   13.29
  23948.133    31.821   -18.12   11.73
  24235.341    28.531   -11.46    8.83
  24522.558    27.700    -2.89    7.69
  24809.784    30.808    10.82   12.06
  25097.020    38.041    25.18   19.40
  25384.266    49.195    38.83   28.51
  25671.522    64.152    52.07   36.13
  25958.787    79.959    55.03   38.35
  26246.061    93.016    45.45   36.77
  26533.345   102.900    34.41   29.76
  26820.639   108.275    18.71   21.76
  27107.943   109.365     3.79   17.27
  27395.255   107.404    -6.83   17.47
  27682.578   100.761   -23.12   19.51
  27969.910    93.894   -23.90   16.98
  28257.252    89.226   -16.24   13.45
  28544.603    88.258    -3.37   12.74
  28831.964    89.742     5.17   14.97
  29119.335    96.477    23.44   21.07
  29406.715   107.091    36.93   25.75
  29694.105   120.258    45.82   27.79
  29981.504   132.661    43.16   27.34
  30268.913   146.908    49.57   27.66
  30556.331   158.052    38.78   27.25
  30843.760   168.741    37.19   28.19
  31131.197   178.850    35.17   31.95
  31418.645   193.951    52.54   38.56
  31706.102   213.066    66.50   41.38
  31993.018   229.668    57.87   42.16
  32278.517   249.455    69.31   48.20
  32564.024   262.486    45.64   51.21
  32849.540   273.565    38.80   46.47
  33135.065   274.107     1.90   45.11
  33420.599   263.316   -37.79   52.08
  33706.141   248.121   -53.22   52.41
  33991.692   236.459   -40.84   48.32
  34277.251   224.231   -42.82   38.34
  34562.820   220.086   -14.52   33.65
  34848.397   222.053     6.89   36.97
  35133.982   233.379    39.66   44.23
  35419.577   246.973    47.60   46.57
  35705.180   260.437    47.14   44.37
  35990.792   277.368    59.28   45.04
  36276.412   297.528    70.58   47.30
  36562.041   317.190    68.84   52.19
  36847.679   339.351    77.59   55.96
  37133.326   357.806    64.61   52.81
  37418.981   370.070    42.93   43.48
  37704.645   376.000    20.76   31.32
  37990.317   368.783   -25.26   36.63
  38275.999   352.790   -55.98   49.48
  38561.689   328.234   -85.95   57.13
  38847.388   298.626  -103.63   61.84
  39133.095   268.033  -107.08   60.17
  39418.811   231.596  -127.53   60.29
  39704.536   202.842  -100.64   59.07
  39990.270   177.944   -87.14   54.85
  40276.012   152.829   -87.90   46.85
  40561.763   131.106   -76.02   39.54
  40847.523   113.687   -60.96   29.18
  41133.291   103.365   -36.12   21.07
  41419.068   102.559    -2.82   26.38
  41704.854   112.357    34.28   42.02
  41990.649   130.293    62.76   59.46
  42276.452   155.753    89.08   68.30
  42562.264   180.771    87.53   64.36
  42848.085   202.000    74.27   48.70
  43133.915   209.091    24.81   34.05
  43419.753   201.505   -26.54   40.71
  43705.600   182.258   -67.33   47.37
  43991.455   162.944   -67.57   46.73
  44277.320   145.039   -62.63   39.07
  44563.193   131.900   -45.96   27.91
  44849.075   123.591   -29.07   16.25
  45134.965   121.142    -8.57    9.12
  45420.865   123.546     8.41    8.90
  45706.773   127.661    14.39    8.59
  45992.689   132.447    16.74   10.36
  46278.615   137.305    16.99   11.80
  46564.549   141.937    16.20   12.25
  46850.492   145.929    13.96   11.48
  47136.444   147.346     4.96   10.76
  47422.404   145.959    -4.85   11.79
  47708.373   141.376   -16.03   15.04
  47994.351   132.674   -30.43   17.76
  48280.338   123.282   -32.84   18.88
  48566.333   113.260   -35.04   19.20
  48852.338   102.473   -37.72   19.59
  49138.350    91.174   -39.50   19.79
  49424.372    80.786   -36.32   19.04
  49710.402    70.836   -34.79   17.78
  49996.442    63.820   -24.53   15.74
  50282.489    56.957   -23.99   11.22
  50568.546    52.022   -17.25    7.39
  50854.611    48.665   -11.74    4.91
  51140.686    46.634    -7.10    4.04
  51426.768    45.389    -4.35    4.41
  51712.860    43.581    -6.32    5.00
  51998.960    40.705   -10.05    5.55
  52285.070    37.943    -9.65    6.20
  52571.188    35.348    -9.07    6.09
  52857.314    32.336   -10.53    5.66
  53143.450    29.893    -8.54    4.49
  53429.594    28.552    -4.68    3.37
  53715.747    27.759    -2.77    2.87
  54001.908    27.285    -1.66    2.66
  54288.079    27.510     0.79    3.09
  54574.258    28.041     1.86    3.65
  54860.446    28.647     2.11    3.14
  55146.643    30.025     4.82    4.21
  55432.848    31.550     5.33    5.80
  55719.063    33.594     7.14    7.53
  56005.286    33.584    -0.03    9.27
  56291.517    30.544   -10.62   12.20
  56577.758    27.226   -11.59   13.91
  56864.007    24.312   -10.18   14.23
  57150.265    20.693   -12.64   11.98
  57436.532    17.700   -10.46    9.60
  57722.808    14.776   -10.21    7.71
  58009.092    13.070    -5.96    7.16
  58295.386    11.572    -5.23    7.13
  58581.688     9.922    -5.76    6.61
  58867.999     8.329    -5.56    5.17
  59154.318     7.019    -4.57    2.66
  59440.646     6.966    -0.19    2.19
  59726.984     7.372     1.42    2.61
  60013.329     8.241     3.03    3.58
  60299.684     9.265     3.58    4.09
  60586.048    10.461     4.18    4.87
  60872.420    11.643     4.13    5.78
  61158.801    12.821     4.12    6.24
  61445.191    13.461     2.23    6.33
  61731.589    14.670     4.22    6.44
  62017.997    15.661     3.46    6.26
  62304.413    16.829     4.08    5.46
  62590.838    17.690     3.01    4.61
  62877.272    18.772     3.78    4.15
  63163.714    20.269     5.23    4.19
  63450.166    22.100     6.39    5.20
  63736.626    24.411     8.07    6.82
  64023.095    27.340    10.22    7.95
  64309.573    29.719     8.30    8.24
  64596.059    31.696     6.90    8.38
  64882.555    34.191     8.71    7.95
  65169.059    37.258    10.70    7.10
  65455.572    40.663    11.88    6.88
  65742.094    44.567    13.63    9.14
  66028.624    49.748    18.08   11.62
  66315.164    54.922    18.06   12.88
  66601.712    61.038    21.34   12.97
  66888.269    66.280    18.29   11.42
  67174.835    70.877    16.04    8.54
  67461.409    74.290    11.91    7.30
  67747.993    76.196     6.65    6.67
