# NaN NaN NaN ;Mean Elev.(m), Avg Gradient(m/km), RMS Gradient(m/km) - SRTM1     
#    2.184  -0.410  19.121 ;Mean Elev.(m), Avg Gradient(m/km), RMS Gradient(m/km) - ASTER GDEM
#    7.073  -1.453  18.140 ;Mean Elev.(m), Avg Gradient(m/km), RMS Gradient(m/km) - GMTED2010 
   1 172.409632  65.226958     9.844     9.776  6 54665.02692361 50.882
   2 172.412401  65.228609     9.069     9.068  4 54674.94256868 43.484
   6 172.412098  65.227489     9.475     9.277  6 54714.60514415 38.527
   8 172.406558  65.224758     8.591     7.819  8 54734.43644209 31.101
   9 172.410544  65.227129    11.580    10.547  7 54744.35208964 35.784
  10 172.411267  65.228808    11.053    11.077  3 54754.26773649 33.706
  11 172.409696  65.228202    10.184    10.842  4 54764.18338213 35.355
  12 172.408640  65.225750     9.462    10.193  8 54774.09902501 29.301
  13 172.407299  65.223653    10.209    10.131  9 54784.01466523 23.157
  14 172.405632  65.223572    10.325    10.350  9 54793.93030353 20.172
  15 172.409971  65.226001     9.957     9.854  8 54803.84594157 20.177
  16 172.409483  65.227480    10.069    10.076  6 54813.76157873 18.428
  17 172.413398  65.228260    10.054     9.812  5 54823.67722329 16.734
  18 172.407771  65.226971    10.008     9.741  6 54833.59286273 15.437
  19 172.409322  65.227372    10.445    10.360  6 54843.50851288 14.784
  20 172.412309  65.229192    10.812    11.392  3 54853.42416223 13.520
  24 172.410987  65.227770    12.876    12.398  6 54893.08674869 11.778
  25 172.406293  65.224957    12.333    12.252  8 54903.00238831 10.900
  26 172.408434  65.225190    12.701    12.674  8 54912.91802738 10.223
  27 172.411163  65.227076    13.875    13.808  7 54922.83366573 10.346
  28 172.409920  65.228072    12.903    12.630  4 54932.74930289  9.660
  29 172.409601  65.227124    13.034    13.106  6 54942.66493821  9.694
  30 172.409192  65.224624    14.802    14.438  9 54952.58057159  9.035
  31 172.407524  65.222647     8.517     8.620 11 54962.49621440 38.252
  32 172.409025  65.223478    49.556    45.047 10 54972.41186318 18.913
  33 172.408074  65.225490    20.129    21.314  8 54982.32751084 29.154
  35 172.412023  65.228730    14.454    14.506  4 55002.15880537 31.967
  36 172.413235  65.228661    14.341    14.316  4 55012.07445025 30.196
  37 172.411834  65.228018    14.448    14.528  5 55021.99009342 29.105
  38 172.411737  65.228744    11.353    11.325  4 55031.90573585 49.311
  41 172.411858  65.228891    10.197     8.242  3 55061.65265568 35.909
  42 172.407423  65.225942    11.946    11.999  7 55071.56829787 31.374
  43 172.404838  65.223877    10.714    10.669  9 55081.48394624 44.390
  44 172.408759  65.224523     8.962     8.859  9 55091.39959371 54.200
  45 172.409987  65.226380     9.118     9.733  7 55101.31524046 35.814
  46 172.412313  65.228313    10.085     9.732  5 55111.23088691 35.036
  47 172.408513  65.227572     8.117     8.120  5 55121.14653062 37.616
  48 172.410607  65.225866     8.412     8.701  8 55131.06217200 38.636
  49 172.405108  65.223366     7.843     7.285 10 55140.97781064 38.855
  50 172.407354  65.223819     9.212     8.949  9 55150.89344936 28.322
  51 172.410126  65.225930    11.203    11.325  8 55160.80908821 24.152
  52 172.410926  65.227734    10.790    10.677  6 55170.72472647 20.591
  53 172.411046  65.228207    12.419    13.061  5 55180.64036315 17.548
  54 172.409798  65.227838    13.063    13.347  5 55190.55601123 17.292
  55 172.410966  65.228350    12.075    12.311  4 55200.47166168 16.829
  56 172.414508  65.229630    12.012    12.012  2 55210.38731172 15.920
  59 172.412530  65.228690    12.449    11.943  4 55240.13425389 13.869
  60 172.410221  65.226564    11.760    11.455  7 55250.04989494 13.899
  61 172.407307  65.225099    11.901    11.994  8 55259.96553365 13.878
  62 172.407047  65.225147    12.159    12.291  8 55269.88117187 12.993
  63 172.410945  65.226394    12.994    12.972  7 55279.79681041 12.146
  64 172.412281  65.226869    12.725    12.715  7 55289.71244741 12.073
  65 172.408216  65.225719    12.325    12.320  8 55299.62808145 11.622
  66 172.408883  65.224623    12.244    12.146  9 55309.54372610 10.525
  67 172.406176  65.223622    13.906    13.625 10 55319.45937161 10.863
  68 172.408698  65.224470     8.817     8.447  9 55329.37501670 36.120
  69 172.410565  65.226333    19.979    21.248  7 55339.29066148 31.496
  70 172.411370  65.227873    14.672    14.734  5 55349.20630583 30.840
  71 172.412731  65.228669    14.573    14.600  4 55359.12194821 33.082
  72 172.413510  65.228792    14.473    14.633  4 55369.03758835 30.437
  73 172.410681  65.228458    12.118    12.142  4 55378.95322664 31.969
  74 172.412144  65.228892    12.415    13.992  3 55388.86886461 32.296
  75 172.410509  65.228614    14.167    14.287  3 55398.78450126 26.578
  76 172.411298  65.227857     9.744    10.480  5 55408.70014687 36.648
  77 172.409186  65.226201     8.616     8.566  7 55418.61579731 45.245
  78 172.407071  65.224712     8.335     8.205  9 55428.53144434 31.934
  79 172.406879  65.224679     9.118     8.951  9 55438.44708902 53.003
  80 172.410826  65.226074    17.665    14.340  8 55448.36273281 30.290
  81 172.409801  65.226647    17.822    14.712  7 55458.27837582 28.525
  82 172.411421  65.226739    13.313    12.942  7 55468.19401832 28.362
  83 172.407958  65.225250    10.724    10.875  8 55478.10965701 34.669
  84 172.406180  65.223985     8.655     8.438  9 55488.02529279 45.377
  85 172.407123  65.223724     8.593     7.805  9 55497.94092659 40.328
  86 172.408374  65.224936     8.274     8.477  9 55507.85656472 33.244
  87 172.412297  65.226936     8.524     8.484  7 55517.77221549 28.812
  88 172.412970  65.228117    10.463    10.298  5 55527.68786498 24.253
  89 172.412659  65.228495    10.811    11.041  4 55537.60351239 19.369
  90 172.410132  65.228473    10.461    10.470  4 55547.51915734 19.343
  91 172.412315  65.229397    10.612    10.207  3 55557.43480101 18.556
  94 172.409893  65.227563    10.990    11.198  6 55587.18172489 15.698
  95 172.409031  65.225022    10.814    10.918  9 55597.09736135 14.304
  96 172.406732  65.223466    11.067    11.202 10 55607.01299484 14.163
  97 172.406365  65.223612    11.302    11.182  9 55616.92862653 12.012
  98 172.411296  65.225789    11.248    11.176  8 55626.84427090 13.135
  99 172.411610  65.226587    11.241    11.126  7 55636.75992261 13.067
 100 172.407725  65.225605    12.907    12.887  8 55646.67557179 13.218
 101 172.405899  65.224080    12.173    11.691  9 55656.59121833 12.725
 102 172.405445  65.223466    14.081    14.252 10 55666.50686068 12.617
 103 172.409078  65.224650    15.010    15.008  9 55676.42250065 12.936
 104 172.409193  65.226248    14.156    14.428  7 55686.33813853 12.069
 105 172.410123  65.227474    66.483    66.140  5 55696.25377530  4.232
 106 172.408667  65.227244     9.181     9.209  6 55706.16941052 42.825
 107 172.410734  65.227256    18.440    14.756  6 55716.08506016 34.184
 108 172.411703  65.227682    13.555    13.581  6 55726.00070905 53.043
 109 172.410589  65.228629    14.561    14.533  4 55735.91635593 32.854
 112 172.410847  65.227290     8.857     8.991  6 55765.66328671 41.958
 113 172.409609  65.224479    10.841     9.818  9 55775.57892494 31.392
 114 172.407444  65.222875     8.684     8.576 11 55785.49456020 56.256
 115 172.408355  65.223996    12.980    13.918  9 55795.41019389 31.806
 116 172.410794  65.226134     8.895     8.901  8 55805.32583349 42.529
 117 172.409342  65.226926    13.733    14.474  7 55815.24148273 30.137
 118 172.409850  65.225746    12.712    12.838  7 55825.15712949 34.763
 119 172.407631  65.223662    10.316    10.159  9 55835.07277139 33.169
 120 172.405609  65.222589     8.612     8.595 11 55844.98840973 47.659
 121 172.407452  65.224039     8.295     8.037  9 55854.90404570 40.117
 122 172.410213  65.226615     8.544     8.538  6 55864.81968572 28.748
 123 172.410749  65.228614    11.757    11.859  3 55874.73533905 21.018
 124 172.410039  65.228525    11.130    11.096  4 55884.65098655 20.105
 125 172.408568  65.227581    11.440    11.351  5 55894.56662793 18.003
 126 172.409273  65.226931    11.130    11.136  6 55904.48226417 16.954
 127 172.411736  65.227895    11.765    11.980  5 55914.39790467 16.251
 128 172.410829  65.229208    11.719    11.719  2 55924.31355861 15.708
 130 172.408834  65.227238    11.533    11.613  6 55944.14485540 14.001
 131 172.407790  65.224404    11.365    11.352  9 55954.06049705 14.326
 132 172.405769  65.222884    11.503    11.530 10 55963.97613574 13.287
 133 172.406988  65.224188    11.499    11.452  9 55973.89177321 13.285
 134 172.410707  65.226709    11.866    11.552  7 55983.80740982 13.254
 135 172.410658  65.227221    11.756    11.651  6 55993.72304380 12.562
 136 172.408584  65.225923    11.658    11.545  8 56003.63869375 12.425
 137 172.406830  65.223725    11.759    11.961  9 56013.55434242 12.404
 138 172.406104  65.223119    11.583    11.519 10 56023.46998802 12.154
 139 172.411129  65.225506    12.386    12.312  8 56033.38563190 10.613
 140 172.408941  65.227840    15.235    14.888  5 56043.30127304 14.382
 142 172.413425  65.229298    38.872    38.360  3 56063.13254747  8.846
 143 172.411144  65.227618    15.048    15.179  5 56073.04818866 35.604
 144 172.408012  65.227014    14.799    14.905  6 56082.96383843 32.046
 145 172.410068  65.227965    14.639    14.630  4 56092.87948628 31.900
 146 172.412470  65.229252    14.809    14.854  3 56102.79513194 31.666
 147 172.411200  65.228739     9.818     9.804  4 56112.71076272 44.403
 148 172.410118  65.226815     8.903     8.926  7 56122.62640135 44.046
 149 172.407714  65.223958     8.660     8.619 10 56132.54203596 45.859
 150 172.406913  65.222733     9.019     8.940 11 56142.45767286 51.713
 151 172.405638  65.223957     9.345     8.814  9 56152.37332362 35.770
 152 172.408739  65.226497    10.431    10.488  7 56162.28897327 48.485
 153 172.412154  65.227984    10.605    10.552  5 56172.20462095 44.450
 154 172.409222  65.226718    16.616    14.509  7 56182.12026319 32.205
 155 172.408906  65.224901     8.738     8.672  8 56192.03590184 36.374
 156 172.406790  65.223753     8.739     8.591 10 56201.95153764 42.781
 157 172.406420  65.224782     8.284     7.806  8 56211.86717173 45.165
 158 172.408028  65.226933     7.556     7.238  6 56221.78280411 36.113
 159 172.414788  65.229787    10.364    10.364  2 56231.69845867 29.616
 161 172.413081  65.229000    12.007    11.602  3 56251.52975946 23.895
 162 172.410299  65.227804    10.962    11.004  6 56261.44540288 22.030
 163 172.410437  65.227833    10.526    10.464  6 56271.36104446 18.265
 164 172.409435  65.227974    10.419    10.086  5 56281.27668511 16.913
 165 172.412237  65.228480    10.472    10.407  4 56291.19233770 15.104
 166 172.409042  65.226904    11.046    11.249  7 56301.10798515 14.315
 167 172.407216  65.224988    11.165    11.075  8 56311.02362853 13.781
 168 172.407360  65.224265    11.475    11.353  9 56320.93926989 13.401
 169 172.407448  65.225170    11.551    11.432  8 56330.85491065 12.966
 170 172.410557  65.226833    12.106    12.157  7 56340.77055116 12.371
 171 172.412592  65.227467    12.443    12.591  6 56350.68618926 12.155
 172 172.408607  65.225960    12.845    12.973  8 56360.60182692 11.826
 173 172.409905  65.225301    13.055    12.757  8 56370.51747675 11.315
 175 172.409269  65.227203    13.473    12.467  6 56390.34876887 10.294
 178 172.412307  65.229388    14.802    14.802  2 56420.09568896 39.255
 179 172.410536  65.228183    13.815    14.250  5 56430.01132507 38.084
 180 172.413381  65.228670    57.397    63.084  4 56439.92697859 13.379
 181 172.411361  65.228679    12.965    12.925  4 56449.84262914 51.256
 182 172.411109  65.228526    14.652    14.616  3 56459.75827763 32.504
 183 172.410499  65.227481    12.333    12.257  6 56469.67392269 50.587
 184 172.411569  65.226521    14.313    14.227  7 56479.58956408 29.716
 185 172.411051  65.225528    22.109    23.930  8 56489.50520137 39.806
 186 172.407570  65.224996    11.406    10.646  8 56499.42083595 42.438
 187 172.410248  65.225503    10.634    10.536  8 56509.33646991 53.079
 188 172.405590  65.225439     9.635     9.670  6 56519.25211065 52.069
 189 172.409834  65.226370    17.872    14.777  7 56529.16776496 30.342
 190 172.408188  65.226088    14.407    14.317  7 56539.08341453 29.814
 191 172.408654  65.225994    21.019    23.654  7 56548.99906010 26.988
 192 172.410494  65.226948    13.968    14.262  7 56558.91470339 27.646
 193 172.411572  65.228295    10.090     9.468  5 56568.83034569 46.793
 195 172.412611  65.229556    11.505    11.505  2 56588.66162370 29.685
 196 172.412376  65.228887    11.515    11.484  4 56598.57726709 28.005
 197 172.409279  65.228155    12.217    12.341  4 56608.49291784 21.562
 198 172.410851  65.228588    12.048    12.022  4 56618.40856420 18.824
 199 172.410166  65.228693    12.759    12.833  3 56628.32420707 16.967
 200 172.410090  65.228045    11.771    11.736  4 56638.23984704 14.390
 201 172.407196  65.226137    11.570    11.520  7 56648.15549008 14.842
 202 172.406773  65.224933    11.321    11.346  8 56658.07114171 13.688
 203 172.407318  65.224772    11.575    11.503  9 56667.98678925 13.473
 204 172.408093  65.226045    11.428    11.343  7 56677.90243435 13.213
 205 172.409842  65.227488    12.417    12.404  6 56687.81807820 13.093
 206 172.409552  65.227524    41.411    41.491  6 56697.73371957  9.224
 207 172.410490  65.226451    56.272    56.150  7 56707.64935637  6.864
 208 172.409347  65.225216    58.921    58.890  8 56717.56499261  5.981
 210 172.409931  65.228096    16.140    14.631  4 56737.39629448 11.916
 214 172.412875  65.228282    60.131    59.032  5 56777.05885962  5.448
 215 172.410671  65.228361    85.902    87.119  4 56786.97451570  1.307
 218 172.413064  65.229324    12.988    12.862  3 56816.72145765 52.580
 219 172.411232  65.226991    14.164    14.138  7 56826.63709522 55.038
 221 172.409482  65.224416    14.162    14.161  9 56846.46836083 54.799
 222 172.409375  65.226031    12.566    12.471  8 56856.38401030 51.651
 223 172.410623  65.228015    14.553    14.618  5 56866.29966400 28.870
 224 172.411051  65.228354    14.388    14.399  4 56876.21531633 30.097
 225 172.410795  65.227633     8.929     8.863  5 56886.13096542 41.279
 226 172.411509  65.226812     9.763     9.026  7 56896.04661178 35.291
 227 172.407633  65.226940     9.333     9.383  6 56905.96225476 47.016
 228 172.412047  65.229365    14.715    14.715  2 56915.87789642 32.124
 231 172.413285  65.229579    11.473    11.473  2 56945.62480252 37.876
 232 172.410756  65.227668    10.433    11.014  5 56955.54045371 29.607
 233 172.410882  65.227224    11.231    11.030  6 56965.45610302 26.541
 234 172.411854  65.228401    11.821    11.831  4 56975.37174808 24.704
 235 172.410832  65.229351    10.524    10.524  2 56985.28738849 18.261
 236 172.412433  65.228686    11.550    11.627  4 56995.20302370 16.311
 237 172.408924  65.225850    11.332    11.357  7 57005.11866457 15.319
 238 172.408997  65.224116    11.742    11.639  9 57015.03431981 14.274
 239 172.405141  65.223864    11.890    11.633  9 57024.94997025 13.360
 253 172.412876  65.228286     9.210     9.211  5 57163.76896589 37.187
 254 172.408911  65.228134    12.420    11.828  4 57173.68462236 43.476
 255 172.410472  65.226885    13.163    13.169  6 57183.60027599 52.737
 256 172.407284  65.224768    13.975    13.943  9 57193.51592526 54.231
 257 172.408550  65.224732    13.166    13.108  8 57203.43157271 43.402
 258 172.412043  65.226808    13.849    14.118  7 57213.34720718 27.048
 259 172.412645  65.228798    11.855    11.953  4 57223.26285121 33.195
 260 172.411156  65.229131     8.842     8.772  3 57233.17849329 36.412
 261 172.412700  65.228306     9.316     9.452  5 57243.09413267 38.304
 262 172.409769  65.226560    11.537    10.150  7 57253.00976904 30.641
 263 172.408290  65.226438    15.405    14.157  7 57262.92540405 28.399
 264 172.410356  65.228268    10.849     9.886  4 57272.84104079 34.734
 268 172.408830  65.227610    10.711    10.349  5 57312.50365175 34.173
 269 172.408418  65.226848     9.835    10.030  6 57322.41929604 34.176
 270 172.411214  65.227831    11.962    12.080  5 57332.33493862 27.628
 271 172.410918  65.228762    10.321    10.300  4 57342.25057892 23.882
 272 172.412145  65.228979    10.359    10.041  3 57352.16623105 22.027
 273 172.412399  65.227504    10.561    10.410  6 57362.08187542 19.902
 274 172.410310  65.225352    10.801    11.023  8 57371.99751628 18.128
 275 172.406773  65.224649    10.475    10.455  8 57381.91315513 17.943
 276 172.408611  65.226022    11.116    11.143  7 57391.82879397 17.112
 277 172.410950  65.227625    10.981    11.176  6 57401.74443190 16.843
 278 172.409369  65.227842    10.626    11.038  5 57411.66007376 15.476
 279 172.410964  65.227808    11.128    11.252  6 57421.57572578 14.448
 280 172.409604  65.227626    11.729    11.803  5 57431.49137489 15.156
 281 172.412294  65.228753    11.592    11.345  4 57441.40702257 12.630
 285 172.411249  65.228624    11.572    11.573  4 57481.06959328 10.718
 286 172.409252  65.226799    12.065    12.091  7 57490.98522754 11.823
 287 172.409125  65.225966    11.847    12.127  8 57500.90085997 11.314
 288 172.409599  65.226432    11.577    11.322  7 57510.81650713 12.583
 289 172.407604  65.226915     8.847     8.907  6 57520.73216249 34.111
 290 172.409048  65.227146    64.083    65.490  6 57530.64781558 21.711
 291 172.409626  65.226490   -39.765   -40.122  7 57540.56346527 25.128
 292 172.407821  65.225525    11.433    11.311  8 57550.47911192 54.598
 293 172.409415  65.225809     9.993     9.379  8 57560.39475761 32.480
 294 172.411625  65.227125     8.611     8.586  6 57570.31040292 36.122
 295 172.409005  65.227878    14.238    14.347  5 57580.22604754 23.545
 296 172.413761  65.228846    10.795    10.318  4 57590.14169116 32.779
 297 172.410722  65.228310    14.392    14.366  4 57600.05733122 31.734
