-130772.638   496.598     0.00   63.28
-130486.042   498.185     5.54   64.88
-130199.454   501.405    11.23   60.15
-129912.871   508.963    26.37   56.24
-129626.296   517.318    29.16   59.02
-129339.728   534.538    60.09   68.38
-129053.166   562.912    99.01   81.89
-128766.611   592.463   103.13   85.04
-128480.064   611.754    67.32   74.90
-128193.522   616.644    17.07   69.46
-127906.988   611.322   -18.58   76.59
-127620.461   594.840   -57.52   89.20
-127333.940   568.583   -91.64   92.62
-127047.427   536.955  -110.39   84.55
-126760.920   507.250  -103.68   79.50
-126474.420   489.817   -60.85   78.14
-126187.926   477.757   -42.10   78.64
-125901.440   467.010   -37.51   84.44
-125614.960   451.245   -55.03   91.19
-125328.488   446.991   -14.85   99.54
-125042.022   444.898    -7.31  103.35
-124755.563   434.954   -34.71   94.21
-124469.110   409.319   -89.49   84.07
-124182.665   386.060   -81.20   72.26
-123896.226   372.160   -48.53   64.48
-123609.795   365.448   -23.43   61.79
-123323.370   361.824   -12.65   60.86
-123036.952   366.595    16.66   73.33
-122750.540   382.121    54.21   93.26
-122464.136   397.832    54.86  103.12
-122177.738   414.158    57.01  110.74
-121891.347   416.001     6.44  117.19
-121604.963   418.583     9.02  115.22
-121318.586   400.595   -62.81  105.07
-121032.216   379.983   -71.98   88.33
-120745.852   360.415   -68.33   71.20
-120459.496   348.174   -42.75   65.12
-120173.146   335.723   -43.48   65.11
-119886.803   319.489   -56.70   67.85
-119600.466   300.086   -67.76   65.61
-119314.137   276.426   -82.63   56.00
-119027.814   264.354   -42.16   49.33
-118741.498   253.883   -36.57   44.64
-118455.189   245.996   -27.55   44.96
-118168.887   238.700   -25.48   45.34
-117882.592   232.948   -20.09   46.75
-117596.303   224.612   -29.12   45.07
-117310.022   214.571   -35.07   37.68
-117023.747   206.322   -28.82   26.11
-116737.479   206.576     0.89   25.85
-116451.217   212.342    20.14   38.53
-116164.963   220.047    26.92   47.67
-115878.715   229.466    32.90   53.27
-115592.474   234.177    16.46   54.05
-115306.240   231.114   -10.70   51.97
-115020.013   222.058   -31.64   46.83
-114733.792   216.992   -17.70   42.38
-114447.579   212.482   -15.76   39.10
-114161.372   208.531   -13.80   37.78
-113875.172   204.405   -14.42   38.15
-113588.979   202.861    -5.39   39.69
-113302.792   200.912    -6.81   40.85
-113016.613   196.243   -16.31   37.72
-112730.440   189.050   -25.14   34.78
-112444.274   184.826   -14.76   35.83
-112158.115   180.975   -13.46   37.43
-111871.962   175.614   -18.74   34.46
-111585.817   167.383   -28.77   25.11
-111299.678   162.075   -18.55   18.59
-111013.546   160.468    -5.62   16.69
-110727.421   163.789    11.61   27.04
-110441.302   172.064    28.92   40.44
-110155.191   179.722    26.76   49.32
-109869.086   186.594    24.02   56.34
-109582.988   187.106     1.79   55.46
-109296.896   188.525     4.96   55.90
-109010.812   182.288   -21.80   50.79
-108724.734   173.933   -29.21   43.55
-108438.663   165.277   -30.26   37.20
-108152.599   158.738   -22.86   31.14
-107866.542   151.520   -25.23   24.47
-107580.492   144.025   -26.20   16.56
-107294.448   139.155   -17.03   11.51
-107008.411   135.097   -14.18    8.12
-106722.381   131.681   -11.95    6.66
-106436.358   129.113    -8.98    5.73
-106150.341   126.985    -7.44    4.38
-105864.331   125.060    -6.73    4.05
-105578.328   122.812    -7.86    4.37
-105292.332   120.542    -7.94    5.01
-105006.343   118.368    -7.60    4.99
-104720.360   116.294    -7.26    4.54
-104434.384   114.905    -4.86    4.00
-104148.415   114.144    -2.66    4.28
-103862.453   115.405     4.41    7.22
-103576.498   119.757    15.22   14.61
-103290.549   131.841    42.26   30.91
-103004.607   150.919    66.72   47.95
-102718.672   176.649    89.99   60.01
-102432.744   204.135    96.13   63.01
-102146.822   230.383    91.80   56.03
-101860.907   251.600    74.21   38.76
-101574.999   263.635    42.09   22.33
-101289.098   262.357    -4.47   21.83
-101003.204   252.538   -34.35   25.85
-100717.316   240.875   -40.79   28.03
-100431.435   226.883   -48.94   30.90
-100145.561   213.503   -46.81   31.93
 -99859.694   199.093   -50.41   31.00
 -99573.833   185.810   -46.47   27.91
 -99287.979   172.163   -47.74   24.22
 -99002.132   164.464   -26.94   18.31
 -98716.292   163.665    -2.79   17.74
 -98430.459   168.238    16.00   23.15
 -98144.632   177.310    31.74   28.34
 -97858.812   188.805    40.22   28.32
 -97572.999   198.810    35.01   22.76
 -97287.192   204.219    18.93   17.98
 -97001.393   201.519    -9.45   21.16
 -96715.600   193.445   -28.25   24.66
 -96429.814   184.084   -32.75   25.50
 -96144.034   173.967   -35.40   21.95
 -95858.262   167.660   -22.07   16.71
 -95572.496   167.723     0.22   17.51
 -95286.737   177.839    35.40   28.73
 -95000.985   192.834    52.47   37.32
 -94715.239   208.605    55.19   38.47
 -94429.500   218.459    34.49   33.39
 -94143.768   219.876     4.96   31.80
 -93858.043   216.037   -13.44   35.00
 -93572.325   205.940   -35.34   39.95
 -93286.325   191.760   -49.58   40.01
 -92999.068   174.553   -59.90   32.41
 -92711.818   158.644   -55.38   25.57
 -92424.576   147.495   -38.82   24.37
 -92137.342   139.207   -28.85   26.17
 -91850.115   131.055   -28.38   25.91
 -91562.896   123.759   -25.40   21.97
 -91275.684   116.934   -23.76   14.75
 -90988.480   111.569   -18.68    9.15
 -90701.284   108.757    -9.79    7.33
 -90414.095   106.761    -6.95    6.44
 -90126.914   105.807    -3.32    6.21
 -89839.740   105.182    -2.17    5.27
 -89552.574   105.364     0.63    4.83
 -89265.416   105.803     1.53    4.75
 -88978.265   105.614    -0.66    5.12
 -88691.122   105.075    -1.88    5.71
 -88403.987   104.557    -1.80    5.87
 -88116.859   103.271    -4.48    5.82
 -87829.738   102.457    -2.83    4.88
 -87542.625   102.303    -0.54    4.21
 -87255.520   103.458     4.02    5.72
 -86968.423   105.693     7.79    6.35
 -86681.333   106.343     2.26    6.09
 -86394.251   105.716    -2.18    6.20
 -86107.176   105.362    -1.23    6.26
 -85820.109   104.419    -3.29    6.07
 -85533.049   103.499    -3.20    5.64
 -85245.997   102.912    -2.04    5.18
 -84958.953   102.946     0.12    5.14
 -84671.916   103.257     1.08    5.20
 -84384.887   104.028     2.69    4.86
 -84097.865   104.167     0.49    4.96
 -83810.851   103.523    -2.24    4.67
 -83523.845   102.525    -3.48    4.69
 -83236.846   101.905    -2.16    4.71
 -82949.855   101.496    -1.42    4.49
 -82662.871   101.600     0.36    4.35
 -82375.895   102.662     3.70    4.50
 -82088.927   103.975     4.57    4.59
 -81801.966   105.354     4.81    4.28
 -81515.013   106.746     4.85    3.63
 -81228.067   108.212     5.11    3.14
 -80941.129   109.756     5.38    3.46
 -80654.198   111.231     5.14    4.12
 -80367.276   113.294     7.19    5.25
 -80080.360   115.932     9.20    6.74
 -79793.452   119.912    13.87    7.56
 -79506.552   123.499    12.50    8.16
 -79219.660   128.757    18.33   10.68
 -78932.775   134.473    19.93   14.69
 -78645.897   141.774    25.45   19.56
 -78359.027   148.600    23.79   21.67
 -78072.165   154.637    21.05   20.82
 -77785.310   161.557    24.12   19.13
 -77498.463   169.490    27.66   18.28
 -77211.623   177.560    28.13   21.07
 -76924.791   185.426    27.43   21.75
 -76637.967   191.350    20.65   26.78
 -76351.150   203.655    42.90   36.81
 -76064.341   217.890    49.64   42.70
 -75777.539   233.890    55.79   49.44
 -75490.745   254.639    72.35   55.14
 -75203.958   275.084    71.29   59.76
 -74917.179   298.745    82.51   64.45
 -74630.408   328.386   103.36   65.50
 -74343.644   358.405   104.68   67.12
 -74056.888   396.097   131.45   71.05
 -73770.139   431.065   121.95   68.95
 -73483.398   458.743    96.53   60.97
 -73196.664   479.856    73.63   48.41
 -72909.938   493.006    45.86   34.52
 -72623.220   499.312    21.99   25.18
 -72336.509   494.569   -16.54   26.06
 -72049.805   487.321   -25.28   29.67
 -71763.109   479.007   -29.00   37.66
 -71476.421   467.056   -41.69   47.69
 -71189.740   455.412   -40.62   58.21
 -70903.067   442.557   -44.84   66.89
 -70616.402   419.891   -79.07   75.48
 -70329.744   398.710   -73.89   82.00
 -70043.093   383.752   -52.18   82.78
 -69756.450   356.781   -94.09   83.09
 -69469.815   331.478   -88.28   77.48
 -69183.187   307.018   -85.34   68.16
 -68896.567   282.664   -84.97   60.00
 -68609.954   255.517   -94.72   56.87
 -68323.349   234.842   -72.14   54.99
 -68036.751   214.412   -71.28   50.74
 -67750.161   189.848   -85.71   44.31
 -67463.579   168.829   -73.34   39.96
 -67177.004   148.861   -69.68   37.09
 -66890.436   130.955   -62.48   37.26
 -66603.876   112.797   -63.37   37.08
 -66317.324    94.119   -65.18   37.18
 -66030.779    76.825   -60.35   35.35
 -65744.242    59.714   -59.72   31.60
 -65457.712    45.259   -50.45   25.71
 -65171.190    34.542   -37.40   20.52
 -64884.675    26.115   -29.41   14.49
 -64598.168    20.030   -21.24   10.16
 -64311.669    16.188   -13.41    7.39
 -64025.177    13.708    -8.66    5.46
 -63738.692    13.045    -2.31    5.22
 -63452.215    12.723    -1.13    4.94
 -63165.746    12.128    -2.08    4.41
 -62879.284    12.340     0.74    4.49
 -62592.830    11.946    -1.38    3.89
 -62306.383    11.383    -1.97    3.41
 -62019.944    11.226    -0.55    3.19
 -61733.512    10.997    -0.80    2.86
 -61447.088    10.797    -0.70    2.75
 -61160.671    10.622    -0.61    2.70
 -60874.262    10.454    -0.59    2.68
 -60587.860    10.252    -0.71    2.77
 -60301.466     9.825    -1.49    2.69
 -60015.080     9.752    -0.25    2.61
 -59728.701     9.616    -0.48    2.48
 -59442.329     9.847     0.81    2.44
 -59155.965    10.094     0.86    2.37
 -58869.609    10.151     0.20    2.31
 -58583.260    10.137    -0.05    2.33
 -58296.918     9.977    -0.56    2.47
 -58010.584     9.745    -0.81    2.56
 -57724.258     9.499    -0.86    2.59
 -57437.939     9.291    -0.72    2.63
 -57151.628     9.324     0.11    2.63
 -56865.324     9.676     1.23    2.69
 -56579.028     9.933     0.90    2.65
 -56292.739    10.007     0.26    2.55
 -56006.458     9.898    -0.38    2.53
 -55720.184     9.925     0.10    2.48
 -55433.918     9.658    -0.93    2.41
 -55147.659     9.368    -1.01    2.21
 -54861.408     9.302    -0.23    2.13
 -54575.164     9.147    -0.54    2.01
 -54288.928     8.861    -1.00    1.81
 -54002.700     8.457    -1.41    1.82
 -53716.478     8.067    -1.36    1.79
 -53430.265     7.738    -1.15    1.78
 -53144.059     7.361    -1.32    1.75
 -52857.860     7.031    -1.15    1.65
 -52571.669     6.833    -0.69    1.52
 -52285.485     6.613    -0.77    1.37
 -51999.309     6.536    -0.27    1.37
 -51713.141     6.503    -0.11    1.32
 -51426.980     6.434    -0.24    1.21
 -51140.826     6.347    -0.30    1.11
 -50854.680     6.174    -0.61    1.10
 -50568.541     5.941    -0.81    1.06
 -50282.410     5.684    -0.90    1.07
 -49996.287     5.562    -0.43    1.08
 -49710.171     5.340    -0.77    1.07
 -49424.062     5.125    -0.75    1.01
 -49137.961     5.100    -0.09    1.01
 -48851.867     5.029    -0.25    0.99
 -48565.781     4.963    -0.23    0.96
 -48279.703     5.050     0.30    1.06
 -47993.632     5.144     0.33    1.12
 -47707.568     5.100    -0.15    1.05
 -47421.512     5.131     0.11    1.12
 -47135.463     5.107    -0.08    1.10
 -46849.422     5.039    -0.24    1.10
 -46563.389     5.050     0.04    1.13
 -46277.362     5.112     0.22    1.14
 -45991.344     5.123     0.04    1.17
 -45705.333     5.324     0.70    1.30
 -45419.329     5.586     0.92    1.34
 -45133.333     5.762     0.62    1.34
 -44847.344     6.024     0.92    1.40
 -44561.363     6.173     0.52    1.41
 -44275.389     6.343     0.59    1.39
 -43989.423     6.606     0.92    1.50
 -43703.464     6.854     0.87    1.57
 -43417.513     7.087     0.82    1.62
 -43131.569     7.205     0.41    1.71
 -42845.633     7.387     0.64    1.75
 -42559.704     7.629     0.85    1.73
 -42273.783     7.954     1.14    1.80
 -41987.869     8.175     0.77    1.72
 -41701.963     8.550     1.31    1.57
 -41416.064     8.854     1.06    1.45
 -41130.172     9.076     0.78    1.21
 -40844.288     9.250     0.61    1.15
 -40558.412     9.427     0.62    1.10
 -40272.543     9.538     0.39    1.19
 -39986.681     9.647     0.38    1.31
 -39700.827     9.912     0.92    1.45
 -39414.981    10.069     0.55    1.55
 -39129.142    10.047    -0.07    1.70
 -38843.310    10.064     0.06    1.70
 -38557.486    10.094     0.11    1.76
 -38271.669     9.961    -0.47    1.82
 -37985.860     9.820    -0.49    1.82
 -37700.058     9.523    -1.04    1.63
 -37414.264     9.317    -0.72    1.67
 -37128.477     9.139    -0.62    1.71
 -36842.698     9.037    -0.36    1.66
 -36556.926     9.073     0.12    1.74
 -36271.161     9.212     0.49    1.94
 -35985.404     9.523     1.09    1.92
 -35699.655     9.745     0.78    1.92
 -35413.913     9.976     0.81    1.89
 -35128.178    10.053     0.27    1.89
 -34842.451     9.838    -0.75    1.87
 -34556.731     9.588    -0.88    1.89
 -34271.019     9.224    -1.28    1.91
 -33985.315     8.970    -0.89    1.93
 -33699.617     8.484    -1.70    2.10
 -33413.927     7.695    -2.76    2.18
 -33128.245     7.025    -2.34    2.15
 -32842.570     6.383    -2.25    2.05
 -32556.903     5.784    -2.10    1.85
 -32271.243     5.219    -1.98    1.53
 -31985.590     4.750    -1.64    1.37
 -31699.945     4.437    -1.09    1.27
 -31413.880     4.295    -0.50    1.22
 -31126.544     4.126    -0.59    1.13
 -30839.217     4.013    -0.39    0.99
 -30551.898     4.205     0.67    1.31
 -30264.587     4.955     2.61    2.55
 -29977.285     6.364     4.91    4.27
 -29689.991     9.165     9.75    7.02
 -29402.706    12.153    10.40    8.58
 -29115.428    15.912    13.09   10.17
 -28828.160    20.607    16.34   11.24
 -28540.899    25.702    17.74   12.42
 -28253.647    31.051    18.62   12.62
 -27966.403    37.140    21.20   14.12
 -27679.167    42.855    19.90   14.66
 -27391.940    47.970    17.81   14.39
 -27104.721    52.933    17.28   14.01
 -26817.510    58.120    18.06   12.87
 -26530.308    63.145    17.50   11.00
 -26243.114    67.308    14.49    9.03
 -25955.928    70.961    12.72    7.84
 -25668.751    73.611     9.22    7.63
 -25381.581    75.767     7.51    7.64
 -25094.421    77.933     7.54    7.96
 -24807.268    78.948     3.54    8.10
 -24520.124    79.489     1.88    8.34
 -24232.988    79.069    -1.46    8.61
 -23945.861    78.289    -2.72    8.50
 -23658.742    77.734    -1.93    8.23
 -23371.631    76.583    -4.01    8.30
 -23084.528    76.343    -0.83    7.32
 -22797.434    76.854     1.78    6.68
 -22510.348    77.792     3.27    7.33
 -22223.270    79.926     7.43    8.25
 -21936.201    82.868    10.25    9.23
 -21649.140    85.834    10.33    9.53
 -21362.087    88.595     9.62    9.81
 -21075.042    90.600     6.99    8.77
 -20788.006    92.754     7.50    8.83
 -20500.978    94.419     5.80    8.33
 -20213.959    95.368     3.31    7.60
 -19926.948    95.662     1.02    8.21
 -19639.945    95.126    -1.87    8.81
 -19352.950    93.802    -4.61    8.68
 -19065.964    91.782    -7.04    9.67
 -18778.985    89.247    -8.83   10.36
 -18492.016    88.361    -3.09   10.58
 -18205.054    89.401     3.62   11.52
 -17918.101    91.455     7.16   13.31
 -17631.156    95.635    14.57   14.47
 -17344.219    99.328    12.87   13.36
 -17057.291   101.429     7.32   10.81
 -16770.371    98.854    -8.98   11.72
 -16483.459    92.992   -20.43   16.97
 -16196.556    84.212   -30.60   20.13
 -15909.661    73.158   -38.53   24.56
 -15622.774    60.353   -44.63   27.79
 -15335.895    47.543   -44.65   27.26
 -15049.025    39.506   -28.02   23.55
 -14762.163    34.738   -16.62   18.39
 -14475.309    32.764    -6.88   14.55
 -14188.463    33.678     3.19   12.07
 -13901.626    37.530    13.43   11.48
 -13614.797    42.068    15.82    8.90
 -13327.976    44.706     9.20    7.21
 -13041.164    45.510     2.80    6.64
 -12754.360    44.682    -2.89    7.06
 -12467.564    42.778    -6.64    7.44
 -12180.777    40.302    -8.63    7.24
 -11893.997    37.812    -8.68    6.68
 -11607.226    35.135    -9.33    6.18
 -11320.463    33.243    -6.60    5.54
 -11033.709    31.509    -6.05    5.16
 -10746.963    30.356    -4.02    5.06
 -10460.225    29.272    -3.78    4.47
 -10173.495    28.802    -1.64    4.08
  -9886.774    28.105    -2.43    4.19
  -9600.060    27.669    -1.52    4.33
  -9313.356    27.500    -0.59    4.42
  -9026.659    26.523    -3.41    4.45
  -8739.971    25.690    -2.90    4.45
  -8453.290    24.713    -3.41    4.66
  -8166.619    23.027    -5.88    4.48
  -7879.955    21.012    -7.03    4.89
  -7593.300    19.118    -6.61    5.15
  -7306.653    17.038    -7.25    4.93
  -7020.014    15.610    -4.98    4.29
  -6733.383    14.789    -2.86    3.69
  -6446.761    14.355    -1.51    3.29
  -6160.147    14.581     0.79    3.36
  -5873.541    15.088     1.77    3.48
  -5586.943    15.207     0.42    3.77
  -5300.354    13.982    -4.28    5.42
  -5013.773    11.593    -8.34    7.00
  -4727.200     8.869    -9.51    7.33
  -4440.636     6.192    -9.34    6.98
  -4154.079     3.774    -8.44    5.86
  -3867.531     1.682    -7.30    3.24
  -3580.992     0.771    -3.18    1.09
  -3294.460     0.760    -0.04    0.92
  -3007.937     0.905     0.51    1.02
  -2721.422     1.053     0.52    1.03
  -2434.915     1.250     0.69    1.10
  -2148.416     1.182    -0.24    1.12
  -1861.926     0.976    -0.72    1.13
  -1575.444     0.731    -0.86    1.02
  -1288.970     0.535    -0.68    0.97
  -1002.504     0.363    -0.60    0.92
   -716.047     0.179    -0.64    0.79
   -429.598    -0.008    -0.65    0.43
   -143.157    -0.095    -0.31    0.00
    143.276    -0.095     0.00    0.00
    429.701    -0.095     0.00    0.00
    716.117    -0.067     0.10    0.21
   1002.525     0.231     1.04    1.04
   1288.925     0.655     1.48    2.02
   1575.316     1.369     2.49    3.31
   1861.700     1.990     2.17    4.19
   2148.075     1.956    -0.12    4.05
   2434.442     1.890    -0.23    3.71
   2720.800     2.016     0.44    3.20
   3007.151     2.088     0.25    2.92
   3293.493     3.041     3.33    4.62
   3579.827     4.697     5.78    6.67
   3866.153     7.493     9.76    9.62
   4152.470    10.437    10.28   11.84
   4438.779    15.446    17.49   14.99
   4725.081    20.706    18.37   17.05
   5011.373    25.368    16.28   19.89
   5297.658    32.523    24.99   23.47
   5583.935    40.847    29.08   26.83
   5870.203    49.000    28.48   29.12
   6156.463    59.967    38.31   33.49
   6442.715    70.063    35.27   34.14
   6728.958    78.677    30.09   34.57
   7015.194    89.713    38.56   36.45
   7301.421   100.089    36.25   38.05
   7587.640   109.927    34.37   38.45
   7873.851   122.047    42.35   42.35
   8160.053   133.004    38.28   44.20
   8446.247   145.680    44.29   44.25
   8732.434   156.926    39.30   47.26
   9018.611   169.297    43.23   46.47
   9304.781   180.265    38.32   40.19
   9590.943   184.495    14.78   34.54
   9877.096   186.008     5.29   29.41
  10163.241   184.332    -5.86   26.90
  10449.378   177.250   -24.75   27.82
  10735.507   166.776   -36.61   28.38
  11021.627   153.294   -47.12   28.03
  11307.740   140.007   -46.44   28.22
  11593.844   122.177   -62.32   27.55
  11879.940   107.387   -51.70   26.09
  12166.027    94.640   -44.56   25.19
  12452.107    83.689   -38.28   21.75
  12738.178    73.826   -34.48   16.70
  13024.241    66.586   -25.31   11.12
  13310.296    61.045   -19.37    8.60
  13596.343    56.825   -14.75    9.02
  13882.382    52.310   -15.78   10.48
  14168.412    48.429   -13.57   10.81
  14454.434    44.362   -14.22   10.24
  14740.448    40.544   -13.35    8.92
  15026.454    38.440    -7.36    7.81
  15312.452    37.345    -3.83    7.07
  15598.441    36.716    -2.20    6.15
  15884.423    37.805     3.81    6.66
  16170.396    38.912     3.87    7.29
  16456.361    39.334     1.48    7.75
  16742.317    39.970     2.22    8.68
  17028.266    41.429     5.10   10.65
  17314.206    41.890     1.61   11.09
  17600.139    42.015     0.44   10.74
  17886.063    44.479     8.62   13.95
  18171.978    45.811     4.66   15.64
  18457.886    47.068     4.39   16.41
  18743.786    48.675     5.62   17.34
  19029.677    46.731    -6.80   16.76
  19315.560    42.375   -15.24   16.53
  19601.435    37.997   -15.32   15.50
  19887.302    33.640   -15.24   13.12
  20173.161    30.456   -11.14   10.30
  20459.011    28.054    -8.40    7.78
  20744.853    27.276    -2.72    6.02
  21030.687    27.550     0.96    6.54
  21316.513    28.676     3.94    7.69
  21602.331    30.519     6.45    9.45
  21888.141    33.228     9.48   11.05
  22173.942    36.050     9.87   12.72
  22459.736    40.891    16.94   14.99
  22745.521    47.262    22.29   17.94
  23031.298    55.021    27.15   24.93
  23317.067    65.326    36.06   32.44
  23602.827    79.118    48.26   40.09
  23888.580    88.750    33.71   45.12
  24174.324    99.834    38.79   46.58
  24460.060   108.299    29.62   42.62
  24745.788   113.456    18.05   38.76
  25031.508   122.638    32.14   36.67
  25317.220   133.547    38.18   35.46
  25602.924   143.897    36.23   36.82
  25888.619   157.496    47.60   37.60
  26174.306   166.158    30.32   33.30
  26459.985   167.441     4.49   29.96
  26745.656   161.623   -20.37   32.77
  27031.319   150.912   -37.50   38.87
  27316.974   139.518   -39.89   40.40
  27602.621   124.092   -54.00   34.85
  27888.259   111.151   -45.30   24.14
  28173.889   102.201   -31.33   14.60
  28459.511    95.962   -21.84   14.04
  28745.125    91.732   -14.81   15.05
  29030.731    86.015   -20.02   15.45
  29316.329    79.977   -21.14   16.24
  29601.918    72.609   -25.80   16.52
  29887.500    66.522   -21.31   14.65
  30173.073    61.397   -17.95   12.21
  30459.229    55.507   -20.58   12.32
  30746.643    51.640   -13.46   11.65
  31034.048    48.051   -12.49   11.12
  31321.444    44.102   -13.74   11.81
  31608.831    41.574    -8.80   10.55
  31896.209    38.665   -10.12    9.37
  32183.577    37.149    -5.28    9.82
  32470.937    36.810    -1.18   10.40
  32758.288    37.503     2.41   11.67
  33045.630    37.933     1.50   13.11
  33332.962    38.764     2.89   13.67
  33620.286    40.197     4.99   15.09
  33907.601    41.671     5.13   16.64
  34194.906    42.122     1.57   17.39
  34482.203    42.250     0.45   18.74
  34769.490    40.219    -7.07   19.36
  35056.769    36.245   -13.83   16.76
  35344.038    32.012   -14.74   16.16
  35631.298    27.493   -15.73   13.81
  35918.550    24.100   -11.81   11.70
  36205.792    20.696   -11.85    9.91
  36493.025    17.875    -9.82    8.33
  36780.250    16.405    -5.12    8.30
  37067.465    14.762    -5.72    9.08
  37354.671    13.059    -5.93    9.64
  37641.869    11.649    -4.91   10.40
  37929.057     9.247    -8.36   10.57
  38216.236     6.309   -10.23    8.31
  38503.406     4.760    -5.40    7.77
  38790.567     3.178    -5.51    7.08
  39077.719     1.401    -6.19    4.93
  39364.863     0.521    -3.07    4.68
  39651.997    -0.382    -3.14    3.94
  39939.122    -1.632    -4.35    1.75
  40226.238    -2.095    -1.61    1.50
  40513.345    -2.351    -0.89    1.66
  40800.443    -2.198     0.53    2.04
  41087.532    -2.282    -0.29    2.25
  41374.612    -2.246     0.13    2.32
  41661.683    -2.257    -0.04    2.29
  41948.745    -2.223     0.12    2.18
  42235.798    -1.974     0.87    2.28
  42522.842    -1.434     1.88    2.61
  42809.878    -1.257     0.61    2.66
  43096.904    -1.378    -0.42    2.69
  43383.921    -1.732    -1.23    2.93
  43670.929    -2.117    -1.34    3.02
  43957.928    -2.606    -1.70    2.86
  44244.918    -2.809    -0.70    2.83
  44531.899    -2.173     2.22    3.98
  44818.871    -1.537     2.22    4.44
  45105.834    -1.309     0.79    4.42
  45392.788    -0.917     1.37    4.41
  45679.733    -1.021    -0.36    4.48
  45966.669    -1.419    -1.39    4.35
  46253.596    -2.762    -4.68    3.18
  46540.515    -3.715    -3.32    1.56
  46827.424    -3.874    -0.55    1.44
  47114.324    -3.908    -0.12    1.46
  47401.215    -3.757     0.53    1.58
  47688.097    -3.225     1.86    1.85
  47974.970    -2.996     0.80    2.20
  48261.835    -3.007    -0.04    2.58
  48548.690    -3.088    -0.28    2.90
  48835.536    -3.592    -1.76    3.02
  49122.374    -4.436    -2.94    2.65
  49409.202    -5.400    -3.36    2.31
  49696.021    -6.253    -2.97    1.66
  49982.832    -6.875    -2.17    0.88
  50269.633    -7.052    -0.62    0.36
  50556.425    -7.095    -0.15    0.00
  50843.209    -7.095     0.00    0.00
  51129.983    -7.095     0.00    0.00
  51416.749    -7.095     0.00    0.00
  51703.505    -7.095     0.00    0.00
  51990.253    -7.095     0.00    0.00
  52276.992    -7.095     0.00    0.00
  52563.721    -7.095     0.00    0.00
  52850.442    -7.095     0.00    0.00
  53137.154    -7.095     0.00    0.00
  53423.857    -7.095     0.00    0.00
  53710.550    -7.095     0.00    0.00
  53997.235    -7.095     0.00    0.00
  54283.911    -7.095     0.00    0.00
  54570.578    -7.095     0.00    0.00
  54857.236    -7.095     0.00    0.00
  55143.885    -7.095     0.00    0.00
  55430.525    -7.095     0.00    0.00
  55717.156    -7.044     0.18    0.52
  56003.778    -6.703     1.19    1.84
  56290.392    -6.493     0.73    2.17
  56576.996    -6.206     1.00    2.58
  56863.591    -5.717     1.71    3.26
  57150.178    -5.621     0.33    3.31
  57436.755    -5.566     0.19    3.33
  57723.324    -5.517     0.17    3.36
  58009.883    -5.660    -0.50    3.15
  58296.434    -5.242     1.46    3.47
  58582.975    -5.308    -0.23    3.71
  58869.508    -5.526    -0.76    3.91
  59156.032    -5.095     1.50    4.44
  59442.547    -4.417     2.37    4.83
  59729.053    -3.547     3.04    5.09
  60015.550    -1.975     5.49    6.20
  60302.038    -0.955     3.56    6.35
  60588.517     0.595     5.41    6.27
  60874.987     2.678     7.27    5.51
