-146935.779    74.846     0.00    7.26
-146649.696    72.816    -7.10    7.14
-146363.622    71.057    -6.15    7.67
-146077.556    68.610    -8.56    8.09
-145791.498    64.506   -14.34    8.58
-145505.449    60.087   -15.45   10.17
-145219.407    55.951   -14.46   10.72
-144933.374    51.956   -13.97   10.54
-144647.349    47.916   -14.12    9.20
-144361.332    45.525    -8.36    7.99
-144075.324    44.180    -4.70    7.14
-143789.323    43.513    -2.33    6.34
-143503.331    43.954     1.54    5.91
-143217.347    45.475     5.32    7.11
-142931.371    46.123     2.27    7.72
-142645.403    46.601     1.67    8.03
-142359.443    48.252     5.77   10.74
-142073.492    48.683     1.51   10.91
-141787.549    48.793     0.38   11.01
-141501.614    50.962     7.59   13.62
-141215.687    52.478     5.30   15.42
-140929.768    53.667     4.16   16.30
-140643.858    55.663     6.98   17.39
-140357.955    53.976    -5.90   16.86
-140072.061    50.241   -13.07   16.65
-139786.175    45.441   -16.79   15.45
-139500.297    41.483   -13.84   14.03
-139214.428    37.807   -12.86   11.13
-138928.566    35.155    -9.28    8.25
-138642.713    34.105    -3.67    6.12
-138356.868    34.294     0.66    6.28
-138071.031    35.033     2.59    7.36
-137785.202    36.990     6.85    8.95
-137499.381    39.351     8.26   10.54
-137213.569    42.395    10.65   12.65
-136927.764    46.626    14.80   14.42
-136641.968    52.962    22.17   17.17
-136356.180    59.639    23.36   22.83
-136070.400    70.289    37.27   31.38
-135784.629    82.748    43.60   38.73
-135498.865    94.689    41.79   44.77
-135213.110   104.912    35.78   47.23
-134927.362   112.067    25.04   44.17
-134641.623   119.205    24.98   39.63
-134355.893   127.308    28.36   36.96
-134070.170   137.329    35.07   35.30
-133784.455   149.089    41.16   37.02
-133498.749   162.180    45.82   38.11
-133213.050   172.081    34.66   34.44
-132927.360   173.777     5.94   30.64
-132641.678   170.067   -12.99   31.78
-132356.004   160.571   -33.24   37.44
-132070.339   148.969   -40.62   40.25
-131784.681   133.487   -54.20   35.84
-131499.032   118.648   -51.95   24.04
-131213.391   110.975   -26.86   16.67
-130927.757   105.212   -20.18   12.98
-130642.132    99.705   -19.28   14.88
-130356.516    93.726   -20.93   15.11
-130070.907    88.378   -18.73   15.70
-129785.306    80.483   -27.64   16.68
-129499.714    74.675   -20.34   14.97
-129214.130    69.371   -18.57   12.97
-128928.313    63.279   -21.32   12.57
-128640.887    59.194   -14.21   11.77
-128353.470    55.487   -12.90   11.08
-128066.062    51.355   -14.38   11.70
-127778.663    48.748    -9.07   11.01
-127491.273    46.589    -7.52    9.22
-127203.892    44.294    -7.99    9.79
-126916.521    43.587    -2.46   10.34
-126629.158    44.278     2.41   11.09
-126341.804    44.798     1.81   13.19
-126054.459    45.161     1.26   13.44
-125767.124    47.057     6.60   14.73
-125479.797    47.790     2.55   16.05
-125192.479    48.623     2.90   16.80
-124905.171    49.019     1.38   18.79
-124617.871    47.619    -4.87   19.57
-124330.581    43.270   -15.14   16.65
-124043.299    39.870   -11.83   16.48
-123756.027    35.386   -15.61   14.37
-123468.763    31.378   -13.95   12.02
-123181.509    27.840   -12.32   10.19
-122894.264    25.265    -8.96    8.60
-122607.027    23.480    -6.22    8.21
-122319.800    21.929    -5.40    8.94
-122032.582    20.546    -4.81    9.80
-121745.372    18.822    -6.00   10.50
-121458.172    16.398    -8.44   10.80
-121170.981    13.565    -9.87    8.84
-120883.799    12.096    -5.11    8.05
-120596.625    10.395    -5.92    7.26
-120309.461     8.300    -7.30    4.89
-120022.306     7.462    -2.92    4.70
-119735.160     6.606    -2.98    4.15
-119448.023     5.293    -4.57    1.83
-119160.895     4.770    -1.82    1.53
-118873.776     4.539    -0.80    1.65
-118586.665     4.644     0.37    2.04
-118299.564     4.612    -0.11    2.24
-118012.472     4.526    -0.30    2.28
-117725.389     4.616     0.31    2.31
-117438.315     4.590    -0.09    2.20
-117151.250     4.790     0.70    2.27
-116864.194     5.260     1.64    2.41
-116577.147     5.585     1.14    2.72
-116290.109     5.414    -0.60    2.69
-116003.080     5.106    -1.07    2.77
-115716.060     4.791    -1.10    3.00
-115429.048     4.469    -1.12    3.02
-115142.046     4.043    -1.49    2.84
-114855.053     4.568     1.83    4.02
-114568.069     5.168     2.09    4.38
-114281.094     5.458     1.01    4.40
-113994.128     5.754     1.03    4.34
-113707.171     5.874     0.42    4.45
-113420.223     5.652    -0.77    4.48
-113133.284     4.083    -5.47    3.21
-112846.353     3.138    -3.29    1.58
-112559.432     2.996    -0.49    1.52
-112272.520     2.888    -0.38    1.44
-111985.617     3.013     0.43    1.55
-111698.723     3.451     1.53    1.79
-111411.837     3.892     1.54    2.19
-111124.961     3.850    -0.15    2.52
-110838.094     3.726    -0.43    2.84
-110551.235     3.353    -1.30    3.05
-110264.386     2.506    -2.95    2.67
-109977.546     1.576    -3.24    2.37
-109690.714     0.662    -3.19    1.74
-109403.892     0.031    -2.20    1.01
-109117.079    -0.202    -0.81    0.49
-108830.274    -0.274    -0.25    0.00
-108543.479    -0.274     0.00    0.00
-108256.692    -0.274     0.00    0.00
-107969.915    -0.274     0.00    0.00
-107683.146    -0.274     0.00    0.00
-107396.387    -0.274     0.00    0.00
-107109.636    -0.274     0.00    0.00
-106822.894    -0.274     0.00    0.00
-106536.162    -0.274     0.00    0.00
-106249.438    -0.274     0.00    0.00
-105962.723    -0.274     0.00    0.00
-105676.017    -0.274     0.00    0.00
-105389.320    -0.274     0.00    0.00
-105102.632    -0.274     0.00    0.00
-104815.953    -0.274     0.00    0.00
-104529.283    -0.274     0.00    0.00
-104242.622    -0.274     0.00    0.00
-103955.970    -0.274     0.00    0.00
-103669.327    -0.266     0.03    0.09
-103382.693     0.116     1.34    1.83
-103096.068     0.318     0.70    2.16
-102809.452     0.603     1.00    2.56
-102522.844     0.967     1.27    3.12
-102236.246     1.159     0.67    3.27
-101949.656     1.237     0.27    3.33
-101663.076     1.294     0.20    3.35
-101376.504     1.180    -0.40    3.17
-101089.942     1.545     1.28    3.42
-100803.388     1.526    -0.07    3.68
-100516.843     1.512    -0.05    4.12
-100230.308     1.689     0.62    4.42
 -99943.781     2.331     2.24    4.78
 -99657.263     3.277     3.30    5.26
 -99370.754     4.771     5.21    6.18
 -99084.254     6.926     7.52    7.10
 -98797.763    10.226    11.52    8.15
 -98511.281    14.410    14.60    8.63
 -98224.807    18.670    14.87    8.44
 -97938.343    22.197    12.31    8.43
 -97651.888    25.252    10.67    8.13
 -97365.441    27.805     8.91    7.48
 -97079.004    30.230     8.47    6.98
 -96792.575    32.560     8.13    7.00
 -96506.156    35.209     9.25    8.23
 -96219.745    36.943     6.05    9.02
 -95933.343    39.374     8.49    9.68
 -95646.950    41.108     6.05    9.60
 -95360.566    42.101     3.47    9.25
 -95074.191    42.915     2.84    8.35
 -94787.825    44.938     7.06    8.41
 -94501.468    47.689     9.61    9.50
 -94215.120    50.848    11.03   13.06
 -93928.780    54.548    12.92   16.89
 -93642.450    57.230     9.37   17.47
 -93356.128    60.684    12.06   18.35
 -93069.816    62.955     7.93   17.21
 -92783.512    66.734    13.20   16.41
 -92497.217    73.248    22.75   21.79
 -92210.931    85.121    41.47   31.04
 -91924.654    97.864    44.52   33.82
 -91638.386   105.942    28.22   30.65
 -91352.127   113.335    25.83   27.39
 -91065.877   120.252    24.17   25.48
 -90779.635   123.050     9.78   26.87
 -90493.403   122.259    -2.76   24.62
 -90207.179   118.289   -13.87   20.33
 -89920.965   114.155   -14.45   20.66
 -89634.759   109.719   -15.50   25.25
 -89348.562   101.919   -27.25   29.13
 -89062.374    89.081   -44.86   27.49
 -88776.195    78.851   -35.75   19.49
 -88490.025    74.726   -14.41   12.87
 -88203.864    73.791    -3.27   10.77
 -87917.711    76.905    10.88   12.88
 -87631.568    82.748    20.42   14.68
 -87345.433    91.223    29.62   17.17
 -87059.308   103.119    41.58   22.43
 -86773.191   116.341    46.21   30.97
 -86487.083   134.398    63.11   42.19
 -86200.984   155.142    72.51   52.69
 -85914.894   178.241    80.74   53.22
 -85628.812   196.690    64.49   47.47
 -85342.740   214.248    61.38   42.21
 -85056.677   231.258    59.46   38.29
 -84770.622   235.862    16.09   34.06
 -84484.576   235.176    -2.40   34.19
 -84198.539   234.570    -2.12   37.22
 -83912.511   233.098    -5.15   37.02
 -83626.492   230.800    -8.03   36.23
 -83340.482   225.043   -20.13   32.83
 -83054.481   222.741    -8.05   33.14
 -82768.488   227.212    15.63   39.43
 -82482.505   234.491    25.45   44.22
 -82196.530   238.922    15.50   45.93
 -81910.564   242.882    13.85   45.12
 -81624.607   246.542    12.80   46.64
 -81338.659   250.528    13.94   47.30
 -81052.720   262.741    42.71   51.22
 -80766.790   271.291    29.90   56.84
 -80480.868   286.874    54.50   58.98
 -80194.955   306.405    68.31   56.06
 -79909.052   312.146    20.08   53.52
 -79623.157   310.682    -5.12   51.59
 -79337.271   306.690   -13.96   52.75
 -79051.394   297.180   -33.27   53.59
 -78765.525   290.255   -24.22   52.77
 -78479.666   282.288   -27.87   50.79
 -78193.815   273.191   -31.83   48.58
 -77907.973   255.395   -62.26   52.82
 -77622.140   232.526   -80.01   59.44
 -77336.316   204.448   -98.24   66.89
 -77050.501   174.318  -105.42   74.54
 -76764.695   141.136  -116.10   70.13
 -76478.897   111.017  -105.39   56.80
 -76193.109    89.599   -74.94   43.46
 -75907.329    75.251   -50.21   31.49
 -75621.558    69.676   -19.51   24.82
 -75335.796    72.971    11.53   30.90
 -75050.043    84.029    38.70   41.62
 -74764.298   100.641    58.14   49.53
 -74478.563   118.482    62.44   53.98
 -74192.836   141.684    81.20   57.64
 -73907.118   163.537    76.49   57.47
 -73621.409   185.889    78.24   52.04
 -73335.709   199.991    49.36   40.31
 -73050.018   205.048    17.70   32.19
 -72764.335   201.741   -11.57   34.16
 -72478.662   191.311   -36.51   38.47
 -72192.997   175.578   -55.07   40.85
 -71907.341   160.474   -52.87   37.00
 -71621.694   144.712   -55.18   26.56
 -71336.055   135.422   -32.53   18.11
 -71050.426   127.223   -28.71   16.03
 -70764.805   118.798   -29.50   16.80
 -70479.193   110.593   -28.73   17.79
 -70193.590   101.770   -30.89   19.66
 -69907.996    93.067   -30.48   19.41
 -69622.411    85.249   -27.38   16.43
 -69336.834    77.883   -25.79   12.64
 -69051.267    72.597   -18.51   10.02
 -68765.708    68.408   -14.67    7.42
 -68480.158    65.647    -9.67    6.01
 -68194.616    63.329    -8.12    6.28
 -67909.084    59.853   -12.17    6.70
 -67623.560    56.386   -12.14    7.95
 -67338.046    52.436   -13.84    8.98
 -67052.141    48.055   -15.32    9.83
 -66764.636    43.855   -14.61    9.94
 -66477.140    39.364   -15.62    9.54
 -66189.654    35.778   -12.47    8.74
 -65902.178    32.790   -10.40    7.51
 -65614.711    31.205    -5.51    5.87
 -65327.255    30.288    -3.19    4.12
 -65039.808    30.358     0.24    3.48
 -64752.370    30.480     0.43    3.26
 -64464.943    30.600     0.42    3.01
 -64177.525    30.712     0.39    2.79
 -63890.117    30.778     0.23    2.68
 -63602.719    30.676    -0.35    2.66
 -63315.331    30.089    -2.04    2.85
 -63027.952    29.110    -3.41    3.77
 -62740.583    27.535    -5.48    4.88
 -62453.223    25.697    -6.40    5.17
 -62165.874    24.606    -3.80    5.03
 -61878.534    23.348    -4.38    4.37
 -61591.204    22.623    -2.52    3.52
 -61303.884    22.726     0.36    2.92
 -61016.573    23.467     2.58    2.68
 -60729.272    23.741     0.95    3.37
 -60441.981    22.748    -3.46    5.07
 -60154.699    21.427    -4.60    6.25
 -59867.428    19.777    -5.75    6.78
 -59580.166    18.369    -4.90    6.80
 -59292.913    17.085    -4.47    6.58
 -59005.671    15.962    -3.91    5.58
 -58718.438    14.726    -4.30    5.23
 -58431.215    13.427    -4.52    5.29
 -58144.002    12.647    -2.72    5.43
 -57856.798    12.052    -2.07    5.25
 -57569.604    10.985    -3.72    4.38
 -57282.420    10.321    -2.31    4.30
 -56995.245    10.245    -0.26    4.77
 -56708.080    10.345     0.35    4.91
 -56420.925     9.660    -2.39    4.18
 -56133.780     8.934    -2.53    3.92
 -55846.644     7.698    -4.30    2.50
 -55559.518     7.047    -2.27    1.31
 -55272.402     6.905    -0.50    0.82
 -54985.295     8.308     4.89    3.59
 -54698.198    10.363     7.16    5.53
 -54411.111    13.095     9.52    6.83
 -54124.033    15.940     9.91    7.01
 -53836.966    19.223    11.44    6.78
 -53549.908    22.641    11.91    5.57
 -53262.859    25.425     9.70    5.22
 -52975.820    27.675     7.84    5.11
 -52688.791    29.105     4.98    4.36
 -52401.772    30.410     4.55    3.41
 -52114.762    31.462     3.67    3.09
 -51827.762    32.748     4.48    3.61
 -51540.772    34.285     5.36    4.49
 -51253.792    35.205     3.20    5.08
 -50966.821    36.346     3.98    5.10
 -50679.860    36.880     1.86    4.95
 -50392.908    36.941     0.21    5.52
 -50105.966    36.918    -0.08    5.86
 -49819.034    36.790    -0.44    5.79
 -49532.112    36.441    -1.22    5.45
 -49245.199    36.045    -1.38    4.91
 -48958.296    36.633     2.05    4.76
 -48671.402    37.200     1.98    4.36
 -48384.518    37.538     1.18    4.32
 -48097.644    37.590     0.18    4.26
 -47810.780    37.682     0.32    4.75
 -47523.925    40.219     8.84    8.03
 -47237.080    44.412    14.62   12.00
 -46950.244    51.405    24.38   16.55
 -46663.419    60.369    31.25   20.91
 -46376.603    70.800    36.37   25.26
 -46089.796    83.359    43.79   28.12
 -45802.999    94.033    37.22   29.35
 -45516.212   102.741    30.36   29.49
 -45229.435   106.973    14.76   28.20
 -44942.667   107.784     2.83   27.61
 -44655.909   104.189   -12.54   24.78
 -44369.160    97.834   -22.16   21.47
 -44082.422    92.300   -19.30   15.86
 -43795.692    88.160   -14.44    9.62
 -43508.973    85.648    -8.76    6.45
 -43222.263    82.794    -9.96    5.80
 -42935.563    80.283    -8.75    7.47
 -42648.872    77.633    -9.24    9.17
 -42362.191    73.128   -15.72   11.32
 -42075.520    68.326   -16.75   11.14
 -41788.858    63.021   -18.51   10.40
 -41502.206    58.208   -16.79    8.96
 -41215.564    53.412   -16.73    8.16
 -40928.931    49.241   -14.55    7.34
 -40642.308    45.354   -13.56    7.76
 -40355.695    41.233   -14.38    8.93
 -40069.091    36.473   -16.61    9.63
 -39782.497    32.748   -13.00    8.83
 -39495.912    31.215    -5.35    7.55
 -39209.338    29.995    -4.26    6.48
 -38922.772    29.283    -2.48    5.97
 -38636.217    28.800    -1.69    5.65
 -38349.671    28.624    -0.62    5.29
 -38063.134    28.041    -2.04    4.54
 -37776.608    27.119    -3.22    4.34
 -37490.091    25.670    -5.06    3.13
 -37203.583    25.132    -1.88    2.73
 -36917.085    24.647    -1.69    2.83
 -36630.597    23.748    -3.14    3.05
 -36344.118    22.543    -4.21    3.24
 -36057.649    21.734    -2.82    3.40
 -35771.190    20.882    -2.97    3.57
 -35484.740    20.689    -0.67    3.67
 -35198.300    21.233     1.90    4.10
 -34911.870    22.627     4.87    5.15
 -34625.449    24.535     6.66    6.07
 -34339.037    25.924     4.85    6.26
 -34052.636    26.916     3.47    6.05
 -33766.244    26.817    -0.35    5.54
 -33479.861    25.341    -5.15    5.77
 -33193.488    24.110    -4.30    6.42
 -32907.125    22.449    -5.80    6.81
 -32620.772    20.862    -5.54    6.02
 -32334.427    20.025    -2.92    4.97
 -32048.093    20.125     0.35    4.57
 -31761.768    20.381     0.89    4.27
 -31475.453    20.540     0.56    4.15
 -31189.147    20.369    -0.60    4.18
 -30902.851    19.341    -3.59    5.54
 -30616.565    17.256    -7.28    6.64
 -30330.288    15.464    -6.26    6.31
 -30044.021    14.517    -3.31    5.08
 -29757.763    14.038    -1.67    4.71
 -29471.515    14.545     1.77    4.80
 -29185.277    16.284     6.08    5.50
 -28899.048    18.969     9.38    5.84
 -28612.828    22.609    12.72    5.94
 -28326.619    25.089     8.67    5.79
 -28040.419    28.119    10.59    5.82
 -27754.228    31.082    10.35    6.58
 -27468.047    33.826     9.59    6.74
 -27181.876    35.322     5.23    6.17
 -26895.714    35.160    -0.57    5.88
 -26609.562    35.083    -0.27    6.17
 -26323.419    34.980    -0.36    6.24
 -26037.286    35.060     0.28    6.08
 -25751.163    34.381    -2.37    5.61
 -25465.049    33.632    -2.62    5.14
 -25178.944    33.077    -1.94    5.19
 -24892.850    33.482     1.42    5.77
 -24606.764    33.637     0.54    6.11
 -24320.689    33.820     0.64    6.47
 -24034.623    33.442    -1.32    6.24
 -23748.566    32.085    -4.74    5.76
 -23462.519    31.424    -2.31    5.43
 -23176.482    30.674    -2.62    4.96
 -22890.454    30.069    -2.12    4.57
 -22604.436    29.633    -1.52    4.53
 -22318.427    29.363    -0.94    4.92
 -22032.428    29.048    -1.10    5.48
 -21746.439    28.596    -1.58    5.64
 -21460.459    28.949     1.23    6.11
 -21174.488    30.935     6.95    8.40
 -20888.527    33.719     9.74    9.52
 -20602.576    35.986     7.93    9.37
 -20316.634    38.230     7.85    8.61
 -20030.702    39.279     3.67    7.33
 -19744.780    38.491    -2.76    7.79
 -19458.866    35.812    -9.37    8.73
 -19172.963    33.572    -7.84    8.37
 -18887.069    31.029    -8.90    8.18
 -18601.184    29.298    -6.05    7.39
 -18315.309    28.047    -4.37    6.10
 -18029.444    27.998    -0.17    5.66
 -17743.588    28.013     0.05    5.12
 -17457.742    27.293    -2.52    4.62
 -17171.905    27.100    -0.67    4.59
 -16886.078    26.667    -1.52    4.18
 -16600.260    26.465    -0.70    4.07
 -16314.452    25.942    -1.83    3.63
 -16028.653    25.413    -1.85    3.46
 -15742.864    25.183    -0.80    3.94
 -15457.085    24.969    -0.75    4.32
 -15171.315    24.749    -0.77    4.30
 -14885.554    24.122    -2.19    4.17
 -14599.803    23.555    -1.99    3.64
 -14314.062    23.580     0.09    3.31
 -14028.330    24.295     2.50    3.76
 -13742.607    25.346     3.68    4.32
 -13456.895    25.885     1.89    4.61
 -13171.191    26.020     0.48    4.59
 -12885.497    25.994    -0.09    4.26
 -12599.813    26.055     0.21    4.02
 -12314.138    26.065     0.03    3.43
 -12028.473    26.403     1.18    3.53
 -11742.817    27.124     2.52    3.80
 -11457.171    28.174     3.68    4.08
 -11171.534    28.549     1.31    4.33
 -10885.907    28.769     0.77    4.49
 -10600.289    28.887     0.41    4.66
 -10314.681    28.069    -2.86    4.94
 -10029.083    26.241    -6.40    5.02
  -9743.493    24.547    -5.93    4.69
  -9457.914    23.655    -3.12    4.52
  -9172.343    22.960    -2.44    3.92
  -8886.783    23.162     0.71    3.96
  -8601.232    23.897     2.57    4.69
  -8315.690    25.241     4.71    5.20
  -8030.158    26.748     5.28    6.16
  -7744.635    27.142     1.38    6.55
  -7459.122    26.438    -2.47    6.67
  -7173.618    25.341    -3.85    6.48
  -6888.124    23.690    -5.78    6.40
  -6602.639    21.726    -6.88    5.64
  -6317.164    20.345    -4.84    4.81
  -6031.699    18.853    -5.23    5.02
  -5746.242    18.161    -2.42    6.24
  -5460.796    17.383    -2.73    6.58
  -5174.773    17.734     1.23    8.19
  -4887.195    19.144     4.90    9.98
  -4599.627    19.837     2.41    9.84
  -4312.070    19.969     0.46    9.00
  -4024.523    20.036     0.23    8.18
  -3736.986    20.861     2.87    7.19
  -3449.461    20.322    -1.87    6.54
  -3161.945    20.248    -0.26    5.46
  -2874.440    19.900    -1.21    5.11
  -2586.945    20.635     2.55    4.78
  -2299.461    21.786     4.00    5.07
  -2011.987    21.312    -1.65    5.59
  -1724.524    19.608    -5.93    7.43
  -1437.071    16.626   -10.37    9.41
  -1149.629    13.511   -10.84   10.61
   -862.197    10.705    -9.76   11.21
   -574.775     7.455   -11.31   10.62
   -287.364     3.020   -15.43    7.21
      0.037     0.507    -8.74    3.88
    287.427     0.122    -1.34    4.31
    574.807     1.763     5.71    7.93
    862.176     4.863    10.79   11.74
   1149.535     8.320    12.03   14.33
   1436.884    11.610    11.45   16.23
   1724.222    15.338    12.98   17.22
   2011.550    17.838     8.70   16.73
   2298.867    18.885     3.64   15.79
   2586.174    19.615     2.54   14.63
   2873.471    19.226    -1.35   13.42
   3160.757    19.295     0.24   11.70
   3448.033    18.667    -2.19    8.86
   3735.298    17.561    -3.85    6.99
   4022.553    17.998     1.52    7.65
   4309.797    18.290     1.02    8.36
   4597.031    18.561     0.94    9.46
   4884.255    19.241     2.37    9.72
   5171.468    20.446     4.19   10.77
   5458.671    22.285     6.40   10.43
   5745.864    23.323     3.61   10.21
   6033.046    26.367    10.60   11.22
   6320.217    29.910    12.34   10.67
   6607.379    33.769    13.44    9.63
   6894.530    35.661     6.59    7.21
   7181.670    35.171    -1.71    7.09
   7468.800    32.663    -8.74    8.20
   7755.920    30.549    -7.36    8.94
   8043.029    27.441   -10.82    8.97
   8330.128    24.278   -11.02    8.81
   8617.217    21.319   -10.31    8.73
   8904.295    18.455    -9.98    9.14
   9191.363    16.241    -7.71    9.05
   9478.420    15.367    -3.05    8.82
   9765.467    14.160    -4.20    8.49
  10052.504    13.667    -1.72    8.88
  10339.530    14.827     4.04   10.29
  10626.546    16.301     5.14   11.33
  10913.552    17.106     2.80   12.18
  11200.547    16.712    -1.37   13.09
  11487.532    14.200    -8.75   13.41
  11774.506    11.244   -10.30   13.64
  12061.470     8.135   -10.83   13.20
  12348.424     4.296   -13.38   11.14
  12635.368     1.269   -10.55    7.40
  12922.301    -0.848    -7.38    1.90
  13209.223    -1.266    -1.46    0.08
  13496.135    -1.274    -0.03    0.00
  13783.037    -1.274     0.00    0.00
  14069.929    -1.274     0.00    0.00
  14356.810    -1.274     0.00    0.00
  14643.681    -1.274     0.00    0.00
  14930.541    -1.274     0.00    0.00
  15217.392    -1.274     0.00    0.00
  15504.231    -1.274     0.00    0.00
  15791.061    -1.274     0.00    0.00
  16077.880    -1.274     0.00    0.00
  16364.689    -1.274     0.00    0.00
  16651.487    -1.274     0.00    0.00
  16938.275    -1.274     0.00    0.00
  17225.053    -1.274     0.00    0.00
  17511.820    -1.274     0.00    0.00
  17798.577    -1.274     0.00    0.00
  18085.324    -1.274     0.00    0.00
  18372.061    -1.274     0.00    0.00
  18658.787    -1.274     0.00    0.00
  18945.502    -1.274     0.00    0.00
  19232.208    -1.274     0.00    0.00
  19518.903    -1.274     0.00    0.00
  19805.587    -1.274     0.00    0.00
  20092.262    -1.274     0.00    0.00
  20378.926    -1.274     0.00    0.00
  20665.580    -1.274     0.00    0.00
  20952.223    -1.274     0.00    0.00
  21238.856    -1.274     0.00    0.00
  21525.479    -1.274     0.00    0.00
  21812.091    -1.274     0.00    0.00
  22098.694    -1.274     0.00    0.00
  22385.285    -0.963     1.09    1.51
  22671.867     0.426     4.85    4.83
  22958.438     3.884    12.07    9.04
  23244.999     6.093     7.71   10.00
  23531.550     8.593     8.72   10.47
  23818.090     9.674     3.77    9.87
  24104.620    10.574     3.14    9.01
  24391.140     9.920    -2.28    7.93
  24677.649     7.858    -7.20    6.21
  24964.148     6.310    -5.40    4.02
  25250.637     5.795    -1.80    2.69
  25537.115     5.833     0.14    2.43
  25823.583     5.909     0.26    2.30
  26110.041     5.857    -0.18    2.14
  26396.489     5.912     0.19    2.04
  26682.926     5.771    -0.49    1.95
  26969.353     6.000     0.80    2.27
  27255.770     5.935    -0.22    2.32
  27542.176     6.326     1.37    2.83
  27828.572     6.594     0.93    3.09
  28114.958     6.785     0.67    3.28
  28401.334     6.072    -2.49    3.89
  28687.699     4.899    -4.09    4.54
  28974.054     3.432    -5.12    4.78
  29260.399     1.923    -5.27    4.47
  29546.733     0.502    -4.96    3.43
  29833.057    -0.624    -3.93    2.12
  30119.371    -1.244    -2.17    0.27
  30405.675    -1.274    -0.10    0.00
  30691.968    -1.274     0.00    0.00
  30978.251    -1.274     0.00    0.00
  31264.524    -1.274     0.00    0.00
  31550.786    -1.274     0.00    0.00
  31837.038    -1.274     0.00    0.00
  32123.280    -1.274     0.00    0.00
  32409.512    -1.274     0.00    0.00
  32695.733    -1.274     0.00    0.00
  32981.945    -1.274     0.00    0.00
  33268.146    -1.274     0.00    0.00
  33554.336    -1.274     0.00    0.00
  33840.517    -1.274     0.00    0.00
  34126.687    -1.274     0.00    0.00
  34412.847    -1.274     0.00    0.00
  34698.996    -1.274     0.00    0.00
  34985.136    -1.274     0.00    0.00
  35271.265    -1.274     0.00    0.00
  35557.383    -1.274     0.00    0.00
  35843.492    -1.274     0.00    0.00
  36129.590    -1.274     0.00    0.00
  36415.679    -1.274     0.00    0.00
  36701.756    -1.274     0.00    0.00
  36987.824    -1.274     0.00    0.00
  37273.881    -1.274     0.00    0.00
  37559.929    -1.274     0.00    0.00
  37845.965    -1.274     0.00    0.00
  38131.992    -1.274     0.00    0.00
  38418.009    -1.274     0.00    0.00
  38704.015    -1.274     0.00    0.00
  38990.011    -1.274     0.00    0.00
  39275.996    -1.274     0.00    0.00
  39561.972    -1.274     0.00    0.00
  39847.937    -1.274     0.00    0.00
  40133.892    -1.274     0.00    0.00
  40419.837    -1.274     0.00    0.00
  40705.772    -1.274     0.00    0.00
  40991.696    -1.274     0.00    0.00
  41277.610    -1.274     0.00    0.00
  41563.514    -1.274     0.00    0.00
  41849.408    -1.274     0.00    0.00
  42135.291    -1.274     0.00    0.00
  42421.165    -1.274     0.00    0.00
  42707.028    -1.274     0.00    0.00
  42992.880    -1.274     0.00    0.00
  43278.723    -1.274     0.00    0.00
  43564.556    -1.274     0.00    0.00
  43850.378    -1.274     0.00    0.00
  44136.190    -1.274     0.00    0.00
  44421.991    -1.274     0.00    0.00
  44707.783    -1.274     0.00    0.00
  44993.564    -1.274     0.00    0.00
  45279.336    -1.274     0.00    0.00
  45565.097    -1.274     0.00    0.00
  45850.847    -1.274     0.00    0.00
  46136.588    -1.274     0.00    0.00
  46422.318    -1.274     0.00    0.00
  46708.039    -1.274     0.00    0.00
  46993.749    -1.274     0.00    0.00
  47279.448    -1.274     0.00    0.00
  47565.138    -1.274     0.00    0.00
  47850.817    -1.274     0.00    0.00
  48136.487    -1.274     0.00    0.00
  48422.146    -1.274     0.00    0.00
  48707.794    -1.274     0.00    0.00
  48993.433    -1.274     0.00    0.00
  49279.062    -1.274     0.00    0.00
  49564.680    -1.274     0.00    0.00
  49850.288    -1.274     0.00    0.00
  50135.886    -1.274     0.00    0.00
  50421.474    -1.274     0.00    0.00
  50707.051    -1.274     0.00    0.00
  50992.619    -1.274     0.00    0.00
  51278.176    -1.274     0.00    0.00
  51563.723    -1.274     0.00    0.00
  51849.260    -1.274     0.00    0.00
  52134.787    -1.274     0.00    0.00
  52420.303    -1.274     0.00    0.00
  52705.810    -1.274     0.00    0.00
  52991.306    -1.274     0.00    0.00
  53276.792    -1.274     0.00    0.00
  53562.268    -1.274     0.00    0.00
  53847.733    -1.274     0.00    0.00
  54133.189    -1.274     0.00    0.00
  54418.634    -1.274     0.00    0.00
  54704.070    -1.274     0.00    0.00
  54989.495    -1.274     0.00    0.00
  55274.910    -1.274     0.00    0.00
  55560.315    -1.274     0.00    0.00
  55845.709    -1.274     0.00    0.00
  56131.094    -1.274     0.00    0.00
  56416.468    -1.274     0.00    0.00
  56702.623    -1.274     0.00    0.00
  56990.279    -1.274     0.00    0.00
  57277.923    -1.274     0.00    0.00
  57565.556    -1.274     0.00    0.00
  57853.178    -1.274     0.00    0.00
  58140.789    -1.274     0.00    0.00
  58428.389    -1.274     0.00    0.00
  58715.977    -1.274     0.00    0.00
  59003.555    -1.274     0.00    0.00
  59291.121    -1.274     0.00    0.00
  59578.677    -1.274     0.00    0.00
  59866.221    -1.274     0.00    0.00
  60153.754    -1.274     0.00    0.00
  60441.276    -1.274     0.00    0.00
  60728.786    -1.274     0.00    0.00
  61016.286    -1.274     0.00    0.00
  61303.775    -1.274     0.00    0.00
  61591.252    -1.274     0.00    0.00
  61878.718    -1.251     0.08    0.26
  62166.173    -0.690     1.95    2.41
  62453.617     1.264     6.80    6.03
  62741.050     4.416    10.97    8.89
  63028.472     8.126    12.91   10.81
  63315.883    12.644    15.72   12.95
  63603.283    19.108    22.49   14.97
  63890.671    26.122    24.41   15.10
  64178.049    33.266    24.86   15.80
  64465.415    41.119    27.33   17.61
  64752.770    48.276    24.91   18.63
  65040.114    56.197    27.56   18.32
  65327.447    63.346    24.88   16.62
  65614.769    69.448    21.24   14.01
  65902.080    75.200    20.02   10.01
  66189.380    77.471     7.90    8.67
  66476.669    79.860     8.31    7.25
  66763.946    80.951     3.80    7.58
  67051.213    81.624     2.34    8.81
  67338.468    81.859     0.82   10.81
  67625.712    81.546    -1.09   12.17
  67912.946    78.493   -10.63   13.99
  68200.168    75.639    -9.94   15.43
  68487.379    70.822   -16.77   16.46
  68774.579    65.087   -19.97   17.63
  69061.768    57.676   -25.81   18.95
  69348.946    48.956   -30.36   19.48
  69636.113    41.512   -25.92   20.32
  69923.268    33.620   -27.48   18.06
  70210.413    27.941   -19.78   13.78
  70497.547    24.215   -12.98    9.84
  70784.669    21.090   -10.88    7.20
  71071.781    18.784    -8.03    6.94
  71358.881    17.614    -4.07    7.60
  71645.971    16.784    -2.89    7.29
  71933.049    15.378    -4.90    7.16
  72220.116    12.815    -8.93    6.43
  72507.172    10.800    -7.02    5.50
  72794.217    10.651    -0.52    5.42
  73081.252    10.604    -0.16    5.27
  73368.275    11.366     2.65    5.42
  73655.287    12.442     3.75    6.12
  73942.288    14.379     6.75    7.35
  74229.277    15.249     3.03    7.28
  74516.256    15.230    -0.07    8.76
  74803.224    12.592    -9.19   10.23
  75090.181     9.928    -9.28   10.57
  75377.127     6.578   -11.67   10.21
  75664.061     2.926   -12.73    7.82
  75950.985     0.041   -10.06    3.91
  76237.898    -1.177    -4.25    0.68
  76524.799    -1.274    -0.34    0.00
  76811.690    -1.274     0.00    0.00
  77098.569    -1.274     0.00    0.00
  77385.438    -1.274     0.00    0.00
  77672.295    -1.274     0.00    0.00
  77959.142    -1.274     0.00    0.00
  78245.977    -1.274     0.00    0.00
  78532.802    -1.274     0.00    0.00
  78819.615    -1.274     0.00    0.00
  79106.418    -1.274     0.00    0.00
  79393.209    -1.274     0.00    0.00
  79679.989    -1.274     0.00    0.00
  79966.759    -1.274     0.00    0.00
  80253.517    -1.274     0.00    0.00
  80540.264    -1.274     0.00    0.00
  80827.001    -1.274     0.00    0.00
  81113.726    -1.274     0.00    0.00
  81400.440    -1.274     0.00    0.00
  81687.144    -1.274     0.00    0.00
  81973.836    -1.274     0.00    0.00
  82260.517    -1.274     0.00    0.00
  82547.188    -1.274     0.00    0.00
  82833.847    -1.274     0.00    0.00
  83120.495    -1.274     0.00    0.00
  83407.133    -1.274     0.00    0.00
  83693.759    -1.274     0.00    0.00
  83980.374    -1.274     0.00    0.00
  84266.979    -1.274     0.00    0.00
  84553.572    -1.274     0.00    0.00
  84840.154    -1.274     0.00    0.00
  85126.726    -1.274     0.00    0.00
  85413.286    -1.274     0.00    0.00
  85699.836    -1.274     0.00    0.00
  85986.374    -1.274     0.00    0.00
  86272.902    -1.274     0.00    0.00
  86559.418    -1.274     0.00    0.00
  86845.924    -1.274     0.00    0.00
  87132.418    -1.274     0.00    0.00
  87418.902    -1.274     0.00    0.00
  87705.374    -1.274     0.00    0.00
  87991.836    -1.274     0.00    0.00
  88278.287    -1.274     0.00    0.00
  88564.726    -1.274     0.00    0.00
  88851.155    -1.274     0.00    0.00
  89137.573    -1.274     0.00    0.00
  89423.980    -1.274     0.00    0.00
  89710.376    -1.274     0.00    0.00
  89996.761    -1.274     0.00    0.00
  90283.135    -1.274     0.00    0.00
  90569.498    -1.274     0.00    0.00
  90855.850    -1.274     0.00    0.00
  91142.191    -1.274     0.00    0.00
  91428.521    -1.274     0.00    0.00
  91714.840    -1.274     0.00    0.00
  92001.149    -1.274     0.00    0.00
  92287.446    -1.274     0.00    0.00
  92573.732    -1.274     0.00    0.00
  92860.008    -1.274     0.00    0.00
  93146.272    -1.274     0.00    0.00
  93432.526    -1.274     0.00    0.00
  93718.768    -1.274     0.00    0.00
  94005.000    -1.274     0.00    0.00
  94291.221    -1.274     0.00    0.00
  94577.431    -1.274     0.00    0.00
  94863.630    -1.274     0.00    0.00
  95149.818    -1.274     0.00    0.00
  95435.995    -1.274     0.00    0.00
  95722.161    -1.274     0.00    0.00
  96008.316    -1.274     0.00    0.00
  96294.460    -1.274     0.00    0.00
  96580.594    -1.274     0.00    0.00
  96866.716    -1.274     0.00    0.00
  97152.828    -1.274     0.00    0.00
  97438.928    -1.274     0.00    0.00
  97725.018    -1.274     0.00    0.00
  98011.097    -1.274     0.00    0.00
  98297.165    -1.274     0.00    0.00
  98583.222    -1.274     0.00    0.00
  98869.268    -1.274     0.00    0.00
  99155.303    -1.274     0.00    0.00
  99441.327    -1.274     0.00    0.00
  99727.341    -1.274     0.00    0.00
 100013.343    -1.274     0.00    0.00
 100299.335    -1.274     0.00    0.00
 100585.315    -1.274     0.00    0.00
 100871.285    -1.274     0.00    0.00
