-114027.900    35.109     0.00    9.79
-113740.506    36.313     4.19   10.04
-113453.122    35.573    -2.57   10.71
-113165.748    33.589    -6.90   12.31
-112878.383    29.238   -15.14   14.99
-112591.029    24.188   -17.57   16.12
-112303.684    18.938   -18.27   15.56
-112016.349    12.773   -21.45   10.95
-111729.023     8.654   -14.34    4.35
-111441.708     7.416    -4.31    0.00
-111154.402     7.416     0.00    0.00
-110867.106     7.416     0.00    0.00
-110579.820     7.416     0.00    0.00
-110292.544     7.416     0.00    0.00
-110005.277     8.013     2.08    2.83
-109718.020    11.409    11.82    8.56
-109430.773    15.431    14.00   12.41
-109143.536    20.698    18.34   15.65
-108856.309    27.145    22.45   17.15
-108569.091    34.364    25.14   16.14
-108281.883    40.387    20.97   13.35
-107994.685    46.229    20.34    8.03
-107707.497    49.902    12.79    5.84
-107420.318    52.062     7.52    5.12
-107133.150    53.888     6.36    4.89
-106845.991    55.630     6.07    4.70
-106558.841    57.189     5.43    4.38
-106271.702    58.713     5.31    4.01
-105984.572    60.076     4.75    3.36
-105697.452    61.281     4.20    2.65
-105410.342    62.175     3.12    2.18
-105123.242    63.064     3.09    1.88
-104836.151    63.709     2.25    1.88
-104549.070    64.179     1.64    2.05
-104261.999    64.962     2.73    2.50
-103974.938    65.554     2.06    2.90
-103687.886    66.767     4.22    3.69
-103400.844    68.481     5.97    4.70
-103113.812    70.304     6.35    5.35
-102826.790    72.524     7.73    5.64
-102539.777    74.100     5.49    5.20
-102252.775    75.133     3.60    4.31
-101965.781    76.302     4.07    3.93
-101678.798    76.713     1.43    3.19
-101391.825    76.786     0.26    2.99
-101104.861    76.735    -0.18    2.78
-100817.907    76.789     0.19    2.36
-100530.962    77.189     1.39    2.36
-100244.028    77.489     1.04    2.48
 -99957.103    77.286    -0.71    3.05
 -99670.188    77.090    -0.68    3.50
 -99383.282    75.424    -5.81    5.97
 -99096.387    71.034   -15.30   11.19
 -98809.501    65.116   -20.63   14.50
 -98522.625    59.548   -19.41   15.42
 -98235.758    54.107   -18.97   14.04
 -97948.902    49.352   -16.58   10.66
 -97662.055    46.745    -9.09    6.50
 -97375.217    47.438     2.42    6.03
 -97088.390    50.181     9.56    8.03
 -96801.572    52.960     9.69    9.65
 -96514.764    56.172    11.20   10.38
 -96227.966    58.987     9.82   10.77
 -95941.177    61.011     7.06   11.17
 -95654.398    62.711     5.93   11.15
 -95367.629    63.572     3.00   11.04
 -95080.870    64.638     3.72   10.97
 -94794.120    65.549     3.18   10.31
 -94507.380    65.095    -1.58   10.17
 -94220.649    65.460     1.27    9.67
 -93933.929    66.076     2.15    9.31
 -93647.218    66.179     0.36    8.67
 -93360.517    66.525     1.21    7.74
 -93073.825    66.864     1.18    6.99
 -92787.144    67.747     3.08    6.71
 -92500.472    68.670     3.22    6.18
 -92213.809    69.828     4.04    5.54
 -91927.157    71.269     5.03    5.19
 -91640.514    72.424     4.03    4.59
 -91353.881    74.009     5.53    4.93
 -91067.257    76.165     7.52    6.05
 -90780.643    78.300     7.45    6.58
 -90494.039    78.684     1.34    7.40
 -90207.445    76.868    -6.34    9.37
 -89920.860    74.678    -7.64   10.41
 -89634.285    71.761   -10.18    9.94
 -89347.720    69.076    -9.37    8.72
 -89061.164    66.938    -7.46    6.22
 -88774.618    66.036    -3.15    4.41
 -88488.082    65.105    -3.25    5.45
 -88201.555    63.015    -7.30    8.05
 -87915.039    59.637   -11.79   10.42
 -87628.531    54.527   -17.83   12.39
 -87342.034    49.107   -18.92   12.76
 -87055.546    43.342   -20.12   11.61
 -86769.068    38.777   -15.94    9.22
 -86482.600    36.085    -9.39    6.78
 -86196.141    34.291    -6.26    4.70
 -85909.692    34.216    -0.26    4.17
 -85623.252    34.781     1.97    4.37
 -85336.823    35.564     2.73    4.51
 -85050.403    36.923     4.74    5.25
 -84763.992    37.579     2.29    5.85
 -84477.591    37.358    -0.77    7.23
 -84191.200    37.078    -0.98    9.24
 -83904.819    34.939    -7.47   10.30
 -83618.447    33.002    -6.76   10.45
 -83332.085    31.044    -6.84    9.34
 -83045.733    29.011    -7.10    7.74
 -82759.390    27.602    -4.92    4.91
 -82473.057    27.222    -1.33    4.27
 -82186.734    27.924     2.45    4.09
 -81900.420    29.131     4.22    4.00
 -81614.116    30.117     3.45    3.95
 -81327.822    31.481     4.76    5.09
 -81041.537    33.952     8.63    9.66
 -80755.262    36.558     9.10   14.29
 -80468.997    39.884    11.62   19.65
 -80182.741    41.557     5.84   20.66
 -79896.495    43.996     8.52   21.83
 -79610.258    44.913     3.20   21.36
 -79324.032    42.534    -8.31   10.26
 -79037.814    43.531     3.49    7.94
 -78751.607    45.609     7.26    8.17
 -78465.409    49.957    15.19   11.10
 -78179.221    55.545    19.53   15.33
 -77893.042    62.233    23.37   19.84
 -77606.873    70.663    29.46   23.49
 -77320.714    77.808    24.97   27.55
 -77034.564    84.767    24.32   31.87
 -76748.424    91.547    23.69   36.08
 -76462.294    97.445    20.62   39.68
 -76176.173   103.342    20.61   42.45
 -75890.062   105.359     7.05   47.05
 -75603.961   102.240   -10.90   47.95
 -75317.869   102.718     1.67   49.30
 -75031.787    97.723   -17.46   47.83
 -74745.714    90.028   -26.90   38.81
 -74459.651    86.562   -12.12   32.41
 -74173.598    82.373   -14.65   21.71
 -73887.554    82.624     0.88   15.82
 -73601.520    86.330    12.96   16.73
 -73315.496    92.212    20.56   20.63
 -73029.481   100.218    27.99   26.98
 -72743.476   105.246    17.58   34.04
 -72457.480   112.372    24.92   42.99
 -72171.494   116.352    13.92   49.73
 -71885.518   116.287    -0.23   52.58
 -71599.551   111.519   -16.67   49.53
 -71313.594   108.888    -9.20   46.07
 -71027.647   103.945   -17.29   37.04
 -70741.709    98.483   -19.10   26.00
 -70455.781    97.293    -4.16   17.90
 -70169.862    97.987     2.43   15.11
 -69883.953   102.453    15.62   15.40
 -69598.054   108.216    20.16   16.68
 -69312.164   114.205    20.95   18.01
 -69026.284   120.511    22.06   18.19
 -68740.413   127.452    24.28   17.12
 -68454.552   133.931    22.67   14.86
 -68168.701   138.019    14.30   15.63
 -67882.859   140.387     8.28   18.74
 -67597.027   139.787    -2.10   20.52
 -67311.204   136.639   -11.01   22.17
 -67025.391   136.088    -1.93   23.42
 -66739.588   136.692     2.11   24.25
 -66453.794   141.114    15.47   27.02
 -66168.010   146.849    20.07   33.10
 -65882.235   159.388    43.88   41.81
 -65596.470   172.031    44.24   46.08
 -65310.714   180.016    27.94   43.53
 -65024.969   187.213    25.19   39.84
 -64739.232   186.588    -2.19   39.18
 -64453.506   177.699   -31.11   39.49
 -64167.789   163.366   -50.17   41.86
 -63882.081   143.289   -70.27   40.88
 -63596.383   124.877   -64.45   35.56
 -63310.695   111.563   -46.60   26.79
 -63025.016   104.424   -24.99   20.58
 -62739.347   105.028     2.11   22.05
 -62453.687   111.155    21.45   25.73
 -62168.037   120.335    32.14   29.87
 -61882.397   134.540    49.73   37.82
 -61596.766   151.372    58.93   44.61
 -61311.145   175.431    84.24   53.27
 -61025.533   200.891    89.14   58.98
 -60739.931   220.909    70.09   58.00
 -60454.338   235.531    51.20   50.99
 -60168.755   238.446    10.21   48.01
 -59883.182   232.438   -21.04   51.73
 -59597.618   228.059   -15.34   53.35
 -59312.063   223.402   -16.31   51.01
 -59026.519   217.941   -19.12   47.12
 -58740.983   214.195   -13.12   46.91
 -58455.458   211.578    -9.17   47.36
 -58169.942   209.631    -6.82   47.75
 -57884.435   201.342   -29.03   52.38
 -57598.938   180.163   -74.18   54.93
 -57313.451   155.331   -86.98   48.51
 -57027.973   136.946   -64.40   40.12
 -56742.504   126.088   -38.04   35.62
 -56457.046   116.040   -35.20   33.76
 -56171.080   105.782   -35.87   32.05
 -55883.476   100.021   -20.03   28.71
 -55595.882    91.194   -30.69   23.57
 -55308.299    85.416   -20.09   20.98
 -55020.726    79.832   -19.42   18.03
 -54733.164    75.844   -13.87   14.58
 -54445.613    74.166    -5.83   12.62
 -54158.072    75.818     5.74   13.77
 -53870.541    80.095    14.88   18.51
 -53583.021    86.358    21.78   23.04
 -53295.512    94.536    28.44   24.77
 -53008.013   101.177    23.10   25.17
 -52720.524   110.239    31.52   26.96
 -52433.046   121.081    37.71   32.64
 -52145.578   130.628    33.21   34.84
 -51858.121   132.379     6.09   35.60
 -51570.675   131.816    -1.96   38.21
 -51283.239   130.835    -3.41   39.92
 -50995.813   130.085    -2.61   39.29
 -50708.398   131.927     6.41   38.07
 -50420.994   138.140    21.62   40.22
 -50133.600   148.995    37.77   44.94
 -49846.216   159.520    36.62   43.06
 -49558.843   165.186    19.72   39.05
 -49271.480   165.159    -0.09   35.12
 -48984.128   155.616   -33.21   34.23
 -48696.787   145.835   -34.04   37.22
 -48409.455   130.772   -52.42   37.84
 -48122.135   113.870   -58.83   38.87
 -47834.824    97.808   -55.91   40.50
 -47547.525    82.727   -52.49   41.30
 -47260.235    66.638   -56.01   38.22
 -46972.957    51.664   -52.12   32.35
 -46685.688    40.968   -37.24   24.26
 -46398.430    32.308   -30.15   17.15
 -46111.183    26.394   -20.59   12.80
 -45823.946    21.895   -15.66   10.64
 -45536.720    17.861   -14.04    8.24
 -45249.504    15.424    -8.49    8.09
 -44962.298    13.031    -8.33    6.72
 -44675.103    10.804    -7.75    5.10
 -44387.918     9.589    -4.23    4.05
 -44100.744     9.152    -1.52    3.74
 -43813.580    10.159     3.51    4.64
 -43526.427    11.559     4.88    5.56
 -43239.284    13.260     5.92    6.37
 -42952.152    15.416     7.51    6.66
 -42665.030    16.275     2.99    6.64
 -42377.919    16.895     2.16    6.38
 -42090.818    17.105     0.73    6.53
 -41803.727    16.100    -3.50    6.42
 -41516.647    15.265    -2.91    5.93
 -41229.577    14.153    -3.87    4.93
 -40942.518    14.628     1.65    5.16
 -40655.469    15.786     4.03    6.35
 -40368.431    16.521     2.56    6.36
 -40081.403    18.134     5.62    6.21
 -39794.385    19.076     3.28    5.68
 -39507.378    20.344     4.42    5.43
 -39220.382    22.159     6.33    6.64
 -38933.396    26.476    15.04   12.09
 -38646.420    36.992    36.64   23.69
 -38359.454    51.150    49.34   33.78
 -38072.499    65.453    49.85   38.50
 -37785.555    78.201    44.42   38.70
 -37498.621    83.968    20.10   37.47
 -37211.697    83.380    -2.05   40.23
 -36924.784    72.086   -39.37   40.20
 -36637.881    59.402   -44.21   41.90
 -36350.989    41.851   -61.18   36.60
 -36064.107    26.722   -52.74   26.84
 -35777.235    15.783   -38.13   17.54
 -35490.374     8.625   -24.95   10.68
 -35203.524     4.787   -13.38    5.74
 -34916.683     2.793    -6.95    3.26
 -34629.853     2.013    -2.72    2.18
 -34343.034     1.906    -0.38    2.17
 -34056.225     2.231     1.14    2.36
 -33769.426     2.692     1.61    2.53
 -33482.638     3.639     3.30    2.91
 -33195.860     4.782     3.98    3.15
 -32909.092     5.974     4.16    3.32
 -32622.335     7.013     3.62    3.75
 -32335.589     7.939     3.23    4.13
 -32048.852     8.359     1.46    4.07
 -31762.126     8.216    -0.50    4.17
 -31475.411     8.380     0.57    4.21
 -31188.706     8.431     0.18    4.24
 -30902.011     7.852    -2.02    4.10
 -30615.327     7.316    -1.87    3.86
 -30328.653     7.327     0.04    3.52
 -30041.989     7.618     1.01    3.51
 -29755.336     7.713     0.33    3.68
 -29468.693     7.497    -0.75    3.57
 -29182.061     7.179    -1.11    3.65
 -28895.439     7.055    -0.43    3.70
 -28608.827     6.945    -0.39    3.32
 -28322.226     6.453    -1.72    3.18
 -28035.635     5.994    -1.60    2.51
 -27749.055     5.996     0.01    2.48
 -27462.485     6.603     2.12    2.84
 -27175.925     7.219     2.15    3.20
 -26889.375     7.960     2.59    3.21
 -26602.836     8.712     2.62    3.20
 -26316.308     9.081     1.29    3.00
 -26029.789     9.154     0.25    3.28
 -25743.281     9.100    -0.19    3.28
 -25456.784     8.073    -3.58    3.59
 -25170.297     7.505    -1.98    3.66
 -24883.820     6.605    -3.14    3.60
 -24597.353     6.566    -0.14    3.33
 -24310.897     6.452    -0.40    3.21
 -24024.451     7.093     2.24    3.41
 -23738.016     8.135     3.64    4.08
 -23451.591     8.884     2.62    4.51
 -23165.176    10.093     4.22    5.14
 -22878.772    11.102     3.52    5.17
 -22592.378    11.137     0.12    4.93
 -22305.994    10.848    -1.01    5.16
 -22019.621    10.223    -2.18    5.20
 -21733.258     9.542    -2.38    5.21
 -21446.905     8.572    -3.39    5.10
 -21160.563     6.959    -5.63    4.23
 -20874.231     6.633    -1.14    4.12
 -20587.909     6.789     0.54    5.22
 -20301.598     8.066     4.46    6.30
 -20015.297     9.873     6.31    7.39
 -19729.007    12.161     7.99    7.70
 -19442.726    14.124     6.86    7.26
 -19156.456    15.366     4.34    6.90
 -18870.197    15.227    -0.49    6.98
 -18583.948    13.665    -5.46    6.82
 -18297.709    12.139    -5.33    5.93
 -18011.480    11.018    -3.92    5.06
 -17725.262    10.316    -2.45    4.53
 -17439.054    10.142    -0.61    4.18
 -17152.856    10.549     1.42    4.25
 -16866.669    11.202     2.28    3.93
 -16580.492    11.916     2.50    3.33
 -16294.325    12.093     0.62    3.06
 -16008.169    11.942    -0.53    3.18
 -15722.023    11.445    -1.74    3.22
 -15435.887    10.952    -1.72    3.20
 -15149.761    10.953     0.00    3.39
 -14863.646    11.045     0.32    3.88
 -14577.541    11.567     1.82    4.35
 -14291.447    11.975     1.43    4.48
 -14005.363    12.424     1.57    4.16
 -13719.289    12.543     0.42    4.07
 -13433.225    12.575     0.11    3.65
 -13147.172    12.224    -1.23    3.63
 -12861.129    12.357     0.47    4.03
 -12575.096    12.819     1.62    4.59
 -12289.074    13.528     2.48    4.92
 -12003.062    13.250    -0.97    5.00
 -11717.060    12.674    -2.01    5.01
 -11431.068    11.988    -2.40    4.82
 -11145.087    10.790    -4.19    3.79
 -10859.116    10.090    -2.45    4.17
 -10573.156     8.841    -4.37    4.94
 -10287.205     7.453    -4.85    5.40
 -10001.265     6.868    -2.04    5.82
  -9715.335     6.316    -1.93    6.31
  -9429.416     6.103    -0.75    6.82
  -9143.507     5.616    -1.70    7.07
  -8857.608     5.313    -1.06    7.23
  -8571.719     5.002    -1.09    7.15
  -8285.841     4.927    -0.26    6.98
  -7999.973     4.695    -0.81    6.77
  -7714.115     4.351    -1.20    5.95
  -7428.267     4.137    -0.75    5.35
  -7142.430     4.128    -0.03    4.90
  -6856.603     4.031    -0.34    4.29
  -6570.786     4.051     0.07    4.10
  -6284.980     3.519    -1.86    3.99
  -5999.183     3.002    -1.81    3.82
  -5713.397     2.676    -1.14    3.80
  -5427.622     2.438    -0.83    3.84
  -5141.856     2.060    -1.32    3.87
  -4856.101     1.981    -0.28    4.25
  -4570.356     2.505     1.83    5.80
  -4284.622     3.655     4.03    7.70
  -3998.897     7.559    13.66   15.04
  -3713.183     9.946     8.35   18.40
  -3427.479    11.105     4.06   19.75
  -3141.786    11.365     0.91   19.52
  -2856.102     9.995    -4.80   18.34
  -2570.429     6.841   -11.04   14.38
  -2284.766     4.535    -8.07   10.67
  -1999.114     1.694    -9.95    5.64
  -1713.471     0.216    -5.17    2.36
  -1427.839    -0.376    -2.07    0.78
  -1142.217    -0.404    -0.10    0.82
   -856.606    -0.358     0.16    1.03
   -571.004    -0.154     0.71    1.44
   -285.413    -0.007     0.51    1.71
      0.168     0.066     0.25    1.87
    285.739     0.271     0.72    2.09
    571.299     0.283     0.04    2.22
    856.849     0.920     2.23    3.48
   1142.389     1.265     1.21    3.71
   1427.919     1.842     2.02    4.03
   1713.439     2.540     2.44    4.36
   1998.948     2.887     1.22    4.26
   2284.447     3.469     2.04    4.18
   2569.936     4.093     2.18    4.29
   2855.415     4.490     1.39    4.25
   3140.883     4.702     0.74    4.16
   3426.341     4.993     1.02    4.16
   3711.789     5.261     0.94    3.97
   3997.227     5.322     0.21    4.04
   4282.654     5.236    -0.30    3.68
   4568.072     5.452     0.76    3.63
   4853.479     5.920     1.64    3.60
   5138.876     6.476     1.95    3.54
   5424.262     7.023     1.92    3.54
   5710.381     8.088     3.72    3.54
   5998.062     9.085     3.47    3.23
   6285.733     9.090     0.02    3.08
   6573.392     8.588    -1.75    3.01
   6861.040     7.987    -2.09    3.12
   7148.677     7.939    -0.17    3.04
   7436.303     7.816    -0.43    2.97
   7723.917     7.551    -0.92    2.52
   8011.520     7.628     0.27    2.21
   8299.113     8.321     2.41    2.62
   8586.693     9.242     3.20    3.10
   8874.263     9.869     2.18    3.43
   9161.822    10.140     0.94    3.61
   9449.369    10.402     0.91    3.81
   9736.905    10.991     2.05    4.44
  10024.430    11.088     0.34    4.68
  10311.944    10.637    -1.57    4.52
  10599.447    10.485    -0.53    4.12
  10886.938    10.110    -1.31    3.89
  11174.418     9.043    -3.71    4.07
  11461.887     8.235    -2.81    4.20
  11749.345     7.717    -1.80    4.49
  12036.792     6.905    -2.82    4.66
  12324.227     6.066    -2.92    4.32
  12611.652     5.340    -2.53    3.81
  12899.065     5.482     0.49    4.25
  13186.467     5.727     0.86    4.32
  13473.858     5.891     0.57    4.39
  13761.238     6.236     1.20    4.11
  14048.606     6.476     0.83    4.11
  14335.964     6.489     0.05    3.96
  14623.310     6.251    -0.83    3.49
  14910.645     6.300     0.17    3.21
  15197.969     6.528     0.80    3.50
  15485.282     7.331     2.79    4.56
  15772.583     7.453     0.43    4.82
  16059.874     7.491     0.13    5.06
  16347.153     7.322    -0.59    4.74
  16634.421     7.325     0.01    4.37
  16921.679     7.603     0.97    4.04
  17208.924     7.683     0.28    3.88
  17496.159     8.028     1.20    3.78
  17783.383     8.299     0.94    3.67
  18070.595     8.931     2.20    3.66
  18357.797     9.141     0.73    3.85
  18644.987     9.431     1.01    3.90
  18932.166     9.790     1.25    4.02
  19219.334     9.735    -0.19    3.88
  19506.491     9.826     0.32    3.70
  19793.636     8.891    -3.26    3.78
  20080.771     7.550    -4.67    4.12
  20367.894     6.668    -3.07    4.16
  20655.007     6.250    -1.46    4.07
  20942.108     6.337     0.30    4.00
  21229.198     7.028     2.41    5.12
  21516.277     7.894     3.02    6.30
  21803.345     8.078     0.64    6.71
  22090.402     7.905    -0.60    6.81
  22377.447     7.131    -2.70    7.23
  22664.482     6.657    -1.65    7.73
  22951.505     6.504    -0.53    8.71
  23238.517     5.573    -3.24    9.03
  23525.519     5.557    -0.06    9.68
  23812.509     5.195    -1.26   10.12
  24099.488     3.816    -4.80    8.93
  24386.456     3.704    -0.39    8.90
  24673.412     4.894     4.15   11.27
  24960.358     8.813    13.66   15.55
  25247.293    13.703    17.04   18.30
  25534.216    20.583    23.98   19.87
  25821.129    29.229    30.14   19.57
  26108.030    35.651    22.38   16.01
  26394.920    39.266    12.60   12.59
  26681.799    43.233    13.83    8.96
  26968.667    45.497     7.89    9.41
  27255.524    47.802     8.03    9.59
  27542.370    49.187     4.83    9.13
  27829.205    51.114     6.72    8.36
  28116.029    53.051     6.75    7.03
  28402.841    55.280     7.77    5.53
  28689.643    56.514     4.30    5.44
  28976.433    58.179     5.81    6.16
  29263.213    60.146     6.86    5.56
  29549.981    61.349     4.19    4.78
  29836.738    62.446     3.83    3.97
  30123.484    62.692     0.86    4.02
  30410.219    61.788    -3.16    5.59
  30696.943    59.824    -6.85    6.59
  30983.656    57.842    -6.91    7.14
  31270.358    57.344    -1.73    7.58
  31557.049    56.973    -1.30    7.91
  31843.729    55.832    -3.98    8.71
  32130.398    55.009    -2.87    8.44
  32417.056    53.809    -4.19   10.20
  32703.702    52.328    -5.17   12.14
  32990.338    49.559    -9.66   13.61
  33276.962    47.438    -7.40   15.11
  33563.576    43.857   -12.50   16.53
  33850.178    39.286   -15.95   17.53
  34136.770    35.668   -12.62   17.36
  34423.350    31.438   -14.76   16.02
  34709.919    27.725   -12.96   13.36
  34996.477    24.979    -9.58   10.69
  35283.025    23.172    -6.31    8.03
  35569.561    24.965     6.26   14.91
  35856.086    32.168    25.14   25.94
  36142.600    42.595    36.39   34.78
  36429.103    53.868    39.35   38.51
  36715.595    66.439    43.88   39.62
  37002.076    80.916    50.54   37.77
  37288.546    95.645    51.41   31.47
  37575.005   111.192    54.27   23.29
  37861.453   120.740    33.33   19.42
  38147.890   129.108    29.21   20.35
  38434.316   136.371    25.36   20.29
  38720.731   141.351    17.39   19.41
  39007.135   146.916    19.43   16.98
  39293.528   152.380    19.08   16.43
  39579.909   160.068    26.85   18.29
  39866.280   167.142    24.70   21.51
  40152.640   176.759    33.58   24.41
  40438.989   187.513    37.56   24.58
  40725.326   196.735    32.21   22.18
  41011.653   203.710    24.36   19.93
  41297.969   206.035     8.12   20.27
  41584.274   203.965    -7.23   24.16
  41870.567   196.631   -25.62   28.19
  42156.850   186.045   -36.98   31.53
  42443.122   174.319   -40.96   32.96
  42729.383   162.146   -42.52   31.34
  43015.632   150.591   -40.37   27.97
  43301.871   141.424   -32.03   23.87
  43588.099   135.957   -19.10   20.92
  43874.316   131.704   -14.86   18.14
  44160.522   128.157   -12.39   18.47
  44446.716   124.507   -12.75   19.67
  44732.900   122.702    -6.31   23.07
  45019.073   119.493   -11.21   25.29
  45305.235   113.290   -21.67   27.31
  45591.386   105.320   -27.85   27.00
  45877.526    97.317   -27.97   23.40
  46163.654    89.663   -26.75   17.33
  46449.772    85.439   -14.76   12.54
  46735.879    82.409   -10.59    8.26
  47021.975    82.146    -0.92    5.93
  47308.060    84.150     7.00    7.75
  47594.134    88.402    14.86   11.08
  47880.197    92.894    15.70   13.64
  48166.250    98.791    20.62   15.89
  48452.291   104.155    18.75   15.65
  48738.321   110.154    20.97   15.35
  49024.340   114.769    16.14   14.38
  49310.348   118.602    13.40   15.00
  49596.346   125.148    22.89   17.70
  49882.332   135.342    35.64   23.15
  50168.307   147.336    41.94   28.32
  50454.272   164.394    59.65   33.77
  50740.225   181.953    61.41   38.29
  51026.168   205.708    83.08   45.92
  51312.099   233.499    97.19   55.62
  51598.020   265.495   111.91   62.98
  51883.929   298.304   114.75   68.35
  52169.828   324.764    92.55   70.15
  52455.716   351.720    94.29   71.55
  52741.593   372.698    73.38   70.82
  53027.459   394.813    77.36   75.76
  53313.314   419.280    85.59   80.16
  53599.158   439.641    71.23   80.65
  53884.991   454.304    51.30   70.01
  54170.813   450.639   -12.82   66.09
  54456.624   432.615   -63.06   82.23
  54742.424   404.515   -98.32   97.92
  55028.214   368.258  -126.86   97.70
  55313.992   337.916  -106.17   74.83
  55599.760   322.402   -54.29   51.79
  55885.516   326.297    13.63   57.57
  56171.262   342.848    57.92   68.29
  56456.997   366.676    83.39   74.12
  56742.720   383.528    58.98   71.24
  57028.433   410.981    96.08   83.10
  57314.135   428.812    62.41   77.70
  57599.826   442.216    46.92   73.87
  57885.506   461.794    68.53   75.84
  58171.176   483.920    77.45   80.07
  58456.834   526.868   150.35   96.10
  58742.481   563.342   127.69   99.79
  59028.118   599.920   128.06   98.32
  59313.744   617.883    62.89   81.10
  59599.358   611.453   -22.51   79.25
  59884.962   590.995   -71.63   93.75
  60170.555   558.164  -114.95  105.57
  60456.137   523.105  -122.76  102.08
  60741.708   482.166  -143.35   85.71
  61027.268   450.789  -109.88   65.12
  61312.818   429.672   -73.95   54.37
  61598.356   420.093   -33.55   54.77
  61883.884   404.446   -54.80   56.26
  62169.400   385.133   -67.64   55.64
  62454.906   362.107   -80.65   64.76
  62740.401   343.275   -65.96   69.44
  63025.885   324.122   -67.09   69.76
  63311.358   298.862   -88.49   60.64
  63596.820   277.454   -74.99   44.85
  63882.271   259.248   -63.78   28.65
  64167.712   256.304   -10.31   28.57
  64453.141   254.163    -7.50   32.26
  64738.560   253.394    -2.69   33.40
  65023.968   252.387    -3.53   34.27
  65309.365   250.826    -5.47   36.32
  65594.751   250.625    -0.70   39.56
  65880.126   247.008   -12.68   41.14
  66165.491   239.992   -24.58   40.21
  66450.844   229.935   -35.24   43.03
  66736.187   217.298   -44.29   43.65
  67021.519   203.447   -48.54   42.28
  67306.839   196.569   -24.11   39.40
  67593.149   190.312   -21.85   36.63
  67880.904   183.035   -25.29   36.03
  68168.647   174.273   -30.45   34.68
  68456.378   169.490   -16.62   33.43
  68744.097   165.462   -14.00   34.31
  69031.805   160.365   -17.72   32.60
  69319.500   153.319   -24.49   31.43
  69607.184   150.928    -8.31   30.15
  69894.855   148.049   -10.00   30.53
  70182.515   145.025   -10.51   30.58
  70470.163   137.851   -24.94   33.07
  70757.799   130.780   -24.58   36.08
  71045.424   119.982   -37.54   38.33
  71333.036   107.090   -44.82   38.52
  71620.637    95.009   -42.01   32.96
  71908.225    83.683   -39.38   21.86
  72195.802    78.170   -19.17   14.19
  72483.367    77.494    -2.35   15.40
  72770.920    80.901    11.85   21.89
  73058.462    91.978    38.52   33.44
  73345.991   102.469    36.49   37.90
  73633.509   107.967    19.12   37.95
  73921.014   109.483     5.27   37.27
  74208.508   111.409     6.70   38.28
  74495.990   109.610    -6.26   40.09
  74783.460   103.036   -22.87   40.76
  75070.919    98.708   -15.05   40.13
  75358.365   105.018    21.95   55.45
  75645.800   126.512    74.78   82.36
  75933.223   148.725    77.28  104.20
  76220.634   175.035    91.54  121.39
  76508.033   195.670    71.80  123.51
  76795.420   201.453    20.12  124.71
  77082.796   191.250   -35.50  127.96
  77370.160   158.469  -114.07  124.88
  77657.512   122.997  -123.44  108.03
  77944.852    89.735  -115.76   79.27
  78232.180    60.335  -102.32   39.81
  78519.496    46.649   -47.63   23.21
  78806.801    37.931   -30.35   13.40
  79094.094    32.822   -17.78    9.04
  79381.375    29.628   -11.12    6.45
  79668.644    26.806    -9.82    5.06
  79955.901    24.387    -8.42    4.44
  80243.147    22.209    -7.58    4.32
  80530.381    20.256    -6.80    4.30
  80817.603    18.231    -7.05    4.26
  81104.813    16.207    -7.05    4.64
  81392.011    14.648    -5.43    4.06
  81679.198    13.619    -3.58    3.43
  81966.373    13.175    -1.55    3.12
  82253.535    13.416     0.84    3.00
  82540.687    13.831     1.44    2.96
  82827.826    14.685     2.97    2.70
  83114.954    15.036     1.22    2.29
  83402.070    14.979    -0.20    2.42
  83689.174    14.202    -2.71    2.94
  83976.266    12.540    -5.79    3.90
  84263.346    10.469    -7.21    4.75
  84550.415     8.555    -6.67    4.80
  84837.472     6.439    -7.37    4.05
  85124.517     5.263    -4.10    3.46
  85411.550     4.657    -2.11    3.28
  85698.572     4.703     0.16    3.58
  85985.582     5.291     2.05    4.02
  86272.580     5.300     0.03    3.83
  86559.566     5.264    -0.13    3.92
  86846.541     5.112    -0.53    3.80
  87133.504     4.896    -0.75    3.54
