# NaN NaN NaN ;Mean Elev.(m), Avg Gradient(m/km), RMS Gradient(m/km) - SRTM1     
#  -16.998  -8.188  22.836 ;Mean Elev.(m), Avg Gradient(m/km), RMS Gradient(m/km) - ASTER GDEM
#    4.512  -7.537  18.346 ;Mean Elev.(m), Avg Gradient(m/km), RMS Gradient(m/km) - GMTED2010 
   2 173.661598  65.200110     4.076     4.016  5 54672.05678516 28.378
   4 173.664956  65.201500     1.178     1.289  5 54691.88807160 30.154
   6 173.661898  65.200412     0.941     0.992  5 54711.71935919 44.673
   8 173.660747  65.197142     2.043     0.999  5 54731.55065890 34.443
   9 173.661215  65.197005     1.189     1.145  5 54741.46630580 46.712
  10 173.659070  65.197650     1.072     1.045  4 54751.38195231 40.788
  11 173.659388  65.197722     1.465     0.757  5 54761.29759889 35.581
  12 173.660513  65.196880     1.067     1.011  5 54771.21324319 42.326
  13 173.658370  65.196446     3.887     4.166  4 54781.12888403 23.726
  14 173.657508  65.196328     2.242     2.619  5 54791.04452242 21.316
  15 173.659004  65.197150     1.903     2.227  4 54800.96015990 20.547
  16 173.658059  65.198588     2.354     2.064  5 54810.87579718 19.218
  17 173.660011  65.199476     1.591     2.132  5 54820.79143751 17.776
  18 173.660483  65.199245     1.196     0.943  4 54830.70708983 15.884
  19 173.662968  65.198815     1.784     1.858  5 54840.62272885 15.221
  20 173.663196  65.199247     2.395     2.516  5 54850.53837783 15.326
  21 173.660151  65.200638     3.334     3.298  5 54860.45402601 12.560
  22 173.664015  65.200770     2.714     3.110  5 54870.36967497 13.848
  23 173.660137  65.200253     2.059     1.867  5 54880.28532197 14.650
  24 173.658832  65.198246     3.168     3.412  5 54890.20096610 13.234
  25 173.658143  65.196247     3.706     3.667  4 54900.11660723 12.131
  26 173.657391  65.196198     3.707     3.873  5 54910.03224617 11.799
  27 173.658361  65.197454     4.074     3.726  5 54919.94788398 12.888
  28 173.659036  65.198591     4.385     4.318  5 54929.86352140 11.086
  29 173.659293  65.198258     3.203     3.586  5 54939.77915783 10.410
  30 173.660553  65.196926     4.156     3.997  5 54949.69479277 10.869
  31 173.656454  65.196502     0.889     0.810  5 54959.61043097 37.908
  32 173.659522  65.196533     0.941     0.916  5 54969.52607983 46.432
  33 173.659154  65.197987     6.502     6.482  4 54979.44172709 31.343
  35 173.658126  65.199240     6.439     6.415  5 54999.27302139 34.740
  36 173.659028  65.198926     6.556     6.567  5 55009.18866696 33.402
  37 173.660309  65.198840     6.623     6.654  4 55019.10431081 25.336
  38 173.658861  65.200070     6.694     6.609  5 55029.01995304 24.745
  39 173.662145  65.200996     4.147     4.806  5 55038.93559516 29.815
  40 173.663570  65.201615     2.112     2.123  6 55048.85123591 51.276
  41 173.660200  65.201022     1.454     1.318  5 55058.76687424 53.001
  42 173.660213  65.198664     3.263     2.308  5 55068.68251344 47.682
  43 173.659686  65.196308     3.209     3.151  5 55078.59816344 47.361
  44 173.657697  65.196121     2.021     1.988  5 55088.51381092 35.648
  45 173.661276  65.197002     0.871     0.894  5 55098.42945736 36.387
  46 173.661994  65.198341     1.829     0.838  5 55108.34510300 37.282
  47 173.657686  65.198524     1.166     1.056  5 55118.26074727 43.601
  48 173.658138  65.196539     0.354     0.361  5 55128.17638976 38.518
  49 173.657106  65.195015     1.043     1.088  4 55138.09202996 39.628
  50 173.657710  65.195424     3.754     3.860  5 55148.00766862 24.321
  51 173.660456  65.197554     0.948     0.896  5 55157.92330682 27.813
  52 173.658839  65.199984     1.982     2.687  5 55167.83894445 25.099
  53 173.662100  65.200386     1.132     1.141  6 55177.75458203 28.779
  54 173.660239  65.199640     1.281     1.306  5 55187.67022622 21.166
  55 173.661468  65.198721     1.424     1.391  5 55197.58587724 18.830
  56 173.660316  65.199461     1.223     1.229  5 55207.50152686 19.501
  57 173.661624  65.200722     1.253     1.255  5 55217.41717609 19.317
  58 173.662720  65.200883     1.272     1.279  6 55227.33282468 17.698
  59 173.662644  65.199277     1.399     1.412  5 55237.24847050 18.242
  60 173.658808  65.196945     1.452     1.555  4 55247.16411256 16.515
  61 173.655872  65.195235     1.480     1.482  5 55257.07975216 16.034
  62 173.656105  65.195528     1.337     1.318  5 55266.99539101 16.135
  63 173.656905  65.197585     1.425     1.412  5 55276.91102924 14.477
  64 173.658370  65.199081     1.413     1.474  5 55286.82666647 16.320
  65 173.661484  65.198611     1.356     1.389  5 55296.74230173 15.898
  66 173.658346  65.196943     1.182     1.161  5 55306.65794237 14.670
  67 173.659506  65.195013     1.120     1.112  5 55316.57358936 14.924
  68 173.656605  65.195769     2.504     0.975  5 55326.48923449 36.910
  69 173.661513  65.197380     1.381     1.349  5 55336.40487921 46.450
  70 173.658088  65.199851     5.206     5.098  5 55346.32052265 50.456
  71 173.662632  65.199840     6.384     6.619  5 55356.23616567 27.076
  72 173.662068  65.199449     6.561     6.506  5 55366.15180625 27.523
  73 173.659827  65.199292     3.514     2.816  5 55376.06744519 50.451
  74 173.663632  65.199492     4.960     5.103  5 55385.98308372 27.309
  75 173.664388  65.200533     1.047     1.007  5 55395.89872105 35.286
  76 173.662841  65.201313     1.254     1.269  5 55405.81436171 50.176
  77 173.658748  65.200308     3.085     2.663  5 55415.73001278 30.700
  78 173.661043  65.197321     3.318     4.045  5 55425.64566130 34.305
  79 173.659881  65.195369     6.190     6.145  5 55435.56130674 24.839
  80 173.667263  65.194406     6.068     6.068  2 55445.47695152 23.100
  81 173.657429  65.197140     3.344     3.264  5 55455.39259365 50.098
  82 173.660492  65.198499     3.538     2.846  5 55465.30823631 47.248
  83 173.660084  65.198604     1.914     1.967  5 55475.22387583 49.952
  84 173.658371  65.197272     1.050     1.105  4 55485.13951227 49.566
  85 173.656243  65.196002     1.037     0.997  5 55495.05514657 33.548
  86 173.660738  65.196188     0.919     0.914  5 55504.97078055 28.564
  87 173.659771  65.198173     1.589     1.037  4 55514.88643075 27.005
  88 173.662188  65.199898     2.850     3.572  5 55524.80208054 21.685
  89 173.662951  65.200356     3.149     3.583  5 55534.71772836 18.702
  90 173.661226  65.199781     3.551     3.504  5 55544.63337404 17.080
  91 173.660363  65.199212     3.203     3.329  4 55554.54901787 16.173
  92 173.658464  65.199720     4.357     4.477  5 55564.46466053 15.921
  93 173.659777  65.200239     4.604     4.663  5 55574.38030286 14.533
  94 173.663570  65.199550     3.866     3.663  5 55584.29594398 14.564
  95 173.660734  65.198652     4.464     4.399  5 55594.21158111 14.043
  96 173.660372  65.197199     4.180     4.008  5 55604.12721519 12.690
  97 173.658611  65.196831     4.217     4.260  4 55614.04284702 11.693
  98 173.658512  65.197395     4.712     4.962  5 55623.95848501 11.664
  99 173.659659  65.197956     4.304     4.316  5 55633.87413780 11.567
 100 173.660980  65.198123     4.581     4.528  4 55643.78978839 11.137
 101 173.657691  65.198088     4.138     4.332  5 55653.70543571 11.278
 102 173.658036  65.196855     4.950     4.740  5 55663.62107900 10.771
 103 173.659827  65.196023     4.565     4.933  5 55673.53671938 10.375
 104 173.659010  65.196730     4.458     4.336  5 55683.45235788 10.895
 105 173.657617  65.198742     6.029     6.051  5 55693.36799488 21.810
 106 173.659151  65.200475     4.597     5.105  5 55703.28363067 30.117
 107 173.662247  65.200754     6.267     6.269  5 55713.19927539 38.186
 109 173.661608  65.199933     5.239     5.214  5 55733.03057194 49.005
 110 173.659675  65.200084     4.842     4.483  5 55742.94621783 31.803
 111 173.659333  65.199985     2.580     2.577  5 55752.86186253 42.048
 112 173.659725  65.199188     2.439     1.498  5 55762.77750507 52.157
 113 173.660434  65.197900     2.735     2.018  5 55772.69314485 45.989
 114 173.658958  65.196814     2.696     1.316  4 55782.60878091 32.817
 115 173.656923  65.197191     2.175     1.937  5 55792.52441423 49.639
 116 173.659795  65.197966     2.747     1.656  4 55802.44004849 49.473
 117 173.661558  65.198381     2.416     1.106  5 55812.35569856 38.394
 118 173.661412  65.198281     3.529     3.525  5 55822.27134682 51.189
 119 173.660878  65.197610     6.574     6.533  5 55832.18699029 29.773
 120 173.658715  65.197152     4.138     4.613  5 55842.10262914 33.578
 121 173.658952  65.197333     1.260     1.202  5 55852.01826514 43.975
 122 173.662372  65.198496     0.552     0.536  5 55861.93389927 35.937
 123 173.662295  65.199467     1.367     1.056  5 55871.84955365 23.558
 124 173.659919  65.200404     3.970     4.105  5 55881.76520326 19.193
 125 173.661089  65.200317     3.679     3.827  5 55891.68084668 20.861
 126 173.661948  65.200294     3.463     3.586  6 55901.59648428 20.672
 127 173.660948  65.200973     4.570     4.950  5 55911.51211800 17.534
 128 173.662223  65.200699     4.004     3.804  5 55921.42777263 18.753
 129 173.661145  65.200101     3.816     3.651  5 55931.34342442 17.779
 130 173.659231  65.198579     3.813     3.903  5 55941.25907215 17.013
 131 173.658886  65.196564     3.874     3.400  4 55951.17471558 16.833
 132 173.656883  65.196041     3.480     3.618  5 55961.09035499 17.182
 133 173.656216  65.197029     2.411     2.548  5 55971.00599222 17.142
 134 173.660002  65.198355     2.957     3.423  5 55980.92162870 16.648
 135 173.663069  65.198807     2.551     2.421  5 55990.83726403 17.132
 136 173.660266  65.198357     2.832     3.335  5 56000.75290906 17.033
 137 173.657126  65.197072     2.602     3.617  5 56010.66855934 16.891
 138 173.657894  65.196413     3.012     3.163  4 56020.58420598 16.022
 139 173.659783  65.197006     4.236     4.386  5 56030.49984966 11.980
 140 173.661575  65.198608     4.819     4.740  5 56040.41549126 12.135
 141 173.661244  65.200007     5.401     5.404  6 56050.33113052 13.534
 142 173.664126  65.200341     7.780     7.026  5 56060.24676747 18.691
 143 173.663341  65.200164     1.205     1.187  5 56070.16240374 45.755
 144 173.658958  65.200063     6.613     6.738  5 56080.07805423 37.658
 145 173.663453  65.199653     6.634     6.595  5 56089.99370287 30.656
 146 173.661380  65.200583     5.091     4.298  5 56099.90934839 30.681
 147 173.659412  65.200432     6.384     5.979  5 56109.82497994 28.504
 148 173.659309  65.198734     6.521     6.413  5 56119.74062028 30.854
 149 173.657688  65.196962     1.476     1.425  5 56129.65625681 52.024
 150 173.657274  65.196367     2.628     2.590  5 56139.57189017 51.939
 151 173.657408  65.197299     1.826     1.812  5 56149.48753986 48.908
 152 173.659086  65.198921     3.654     2.976  5 56159.40318893 51.842
 153 173.662702  65.199182     2.579     2.486  5 56169.31883692 40.062
 154 173.662019  65.198015     4.501     4.148  5 56179.23448123 33.104
 155 173.660666  65.196474     6.378     6.291  5 56189.15012127 28.742
 156 173.659713  65.196170     1.314     1.104  5 56199.06575811 49.926
 157 173.662068  65.197788     1.429     1.287  5 56208.98139247 51.082
 158 173.662927  65.200497     1.827     0.657  5 56218.89702492 37.382
 159 173.663691  65.201786     0.707     0.732  6 56228.81267171 37.418
 160 173.662032  65.201207     3.926     4.327  6 56238.72832550 33.031
 161 173.659065  65.200185     1.231     1.294  5 56248.64397531 37.291
 162 173.658446  65.199443     2.368     1.475  5 56258.55962038 26.733
 163 173.663138  65.199547     3.596     3.563  5 56268.47526284 21.419
 164 173.662352  65.200412     3.244     3.284  5 56278.39090302 20.842
 165 173.661914  65.200158     1.367     1.382  5 56288.30655225 17.983
 166 173.660680  65.198170     1.287     1.301  5 56298.22220108 17.738
 167 173.660353  65.195774     1.947     1.381  5 56308.13784610 17.196
 168 173.657112  65.195161     1.603     1.464  4 56318.05348818 15.685
 169 173.659880  65.196373     1.627     1.578  5 56327.96912946 16.454
 170 173.660937  65.198611     1.254     1.126  5 56337.88476956 17.571
 171 173.663002  65.199659     1.224     1.303  5 56347.80040799 17.670
 172 173.659313  65.199229     1.728     1.836  5 56357.71604327 15.134
 173 173.656579  65.197233     2.152     2.205  5 56367.63169247 15.103
 176 173.662283  65.199936     2.110     2.157  5 56397.37863007 13.027
 178 173.662385  65.201467     3.798     3.951  5 56417.20990837 28.797
 179 173.660417  65.200578     4.074     2.918  5 56427.12554083 35.667
 180 173.661127  65.199104     5.940     6.455  5 56437.04119295 30.831
 181 173.659680  65.199171     6.174     6.576  5 56446.95684441 31.942
 182 173.659430  65.200007     4.988     4.999  5 56456.87249368 48.902
 183 173.659699  65.199767     4.406     4.365  5 56466.78813988 50.985
 184 173.661441  65.198050     6.722     6.823  5 56476.70378231 31.921
 185 173.658270  65.196453     6.479     6.534  4 56486.61942063 27.687
 186 173.656685  65.196121     6.483     6.478  5 56496.53505627 28.401
 187 173.659610  65.197299     6.466     6.511  5 56506.45069079 29.028
 188 173.663814  65.199358     2.736     1.714  5 56516.36632550 34.104
 189 173.661934  65.200156     2.608     1.514  5 56526.28197977 34.924
 190 173.659724  65.199366     3.647     3.641  5 56536.19762998 47.957
 192 173.658652  65.197021     6.553     6.529  4 56556.02892052 26.159
 193 173.659154  65.198391     6.333     6.460  5 56565.94456322 31.481
 194 173.663970  65.200316     2.102     2.157  5 56575.86020496 42.478
 195 173.665135  65.201896     1.274     1.284  6 56585.77584320 34.349
 196 173.663072  65.202045     1.590     1.031  5 56595.69148073 29.409
 197 173.661785  65.200327     3.211     3.605  5 56605.60713321 21.229
 198 173.658859  65.199297     3.145     3.550  5 56615.52278063 17.304
 199 173.659028  65.199230     1.347     1.133  5 56625.43842460 17.063
 200 173.662471  65.199299     1.814     1.626  5 56635.35406608 15.952
 201 173.661197  65.199712     2.943     3.203  6 56645.26970439 14.745
 202 173.661440  65.198237     2.369     2.431  5 56655.18535707 14.073
 203 173.658421  65.196797     2.562     1.940  5 56665.10100519 13.830
 204 173.658320  65.196072     1.088     1.095  4 56675.01665089 16.921
 205 173.656364  65.197225     3.219     3.016  5 56684.93229526 14.992
 206 173.659785  65.198480     2.040     2.176  5 56694.84793810 13.922
 207 173.660457  65.199593     4.232     4.426  5 56704.76357624 13.102
 208 173.658338  65.199732     2.833     3.098  5 56714.67920875 12.132
 210 173.659663  65.197621     2.374     2.242  5 56734.51051044 13.612
 211 173.657443  65.199236     3.625     3.227  5 56744.42615682 11.891
 212 173.662371  65.200587     4.416     4.574  5 56754.34179958 11.928
 213 173.662554  65.201756     2.477     2.394  5 56764.25743641 11.774
 214 173.663858  65.201283     1.379     1.351  5 56774.17307222 21.791
 215 173.663217  65.199714     5.154     5.309  5 56784.08872938 11.603
 216 173.659273  65.199070     6.069     6.570  5 56794.00438257 23.314
 217 173.660607  65.198543     2.907     2.674  5 56803.92003299 40.049
 218 173.658497  65.198812     5.943     5.952  5 56813.83567560 54.773
 219 173.661318  65.198034     6.737     6.751  5 56823.75131522 31.360
 221 173.660278  65.197427     6.277     6.225  5 56843.58258221 52.068
 222 173.659475  65.197861     6.483     6.450  5 56853.49822436 31.620
 223 173.657953  65.198408     3.872     3.328  5 56863.41387808 51.392
 224 173.657963  65.198796     3.415     2.725  5 56873.32953137 50.077
 225 173.659990  65.198488     2.720     1.574  4 56883.24518172 33.877
 226 173.661504  65.198004     3.058     3.760  5 56893.16082863 36.228
 227 173.660174  65.197922     3.318     3.051  5 56903.07647211 34.847
 228 173.659027  65.198774     3.254     2.430  5 56912.99211363 35.173
 229 173.661098  65.199790     4.159     3.202  5 56922.90775380 30.223
 230 173.661959  65.201042     1.720     1.529  5 56932.82339148 51.865
 231 173.664598  65.201301     2.272     1.074  5 56942.73902412 35.277
 232 173.661478  65.200932     1.408     1.422  5 56952.65466843 42.573
 233 173.663604  65.199440     2.180     1.450  5 56962.57031943 30.257
 234 173.660795  65.199364     4.182     3.148  5 56972.48596499 25.112
 235 173.660836  65.199567     3.521     3.656  6 56982.40160656 20.350
 236 173.660794  65.199585     4.694     4.548  5 56992.31724357 18.353
 237 173.659377  65.199069     4.357     4.311  5 57002.23287744 17.901
 238 173.657804  65.197584     4.274     4.006  5 57012.14853450 17.888
 239 173.660952  65.196497     3.650     3.614  5 57022.06418630 16.976
 240 173.659415  65.197570     4.347     4.498  5 57031.97983481 16.633
 241 173.662228  65.198359     3.986     4.176  5 57041.89548171 17.023
 242 173.659831  65.199194     3.707     3.731  5 57051.81112602 16.299
 243 173.659093  65.198847     3.766     3.555  5 57061.72676627 14.336
 244 173.657251  65.198814     3.891     4.199  5 57071.64240097 13.987
 245 173.661012  65.199185     4.420     4.529  5 57081.55803194 12.157
 246 173.663190  65.200417     4.964     5.016  5 57091.47367580 10.980
 247 173.662312  65.201623     4.880     4.855  6 57101.38933307 10.398
 248 173.662237  65.201706     5.193     5.226  6 57111.30498716 10.848
 249 173.661496  65.200625     5.437     5.272  6 57121.22063549 10.188
 250 173.658338  65.199507     5.234     5.203  5 57131.13627793 10.158
 251 173.662981  65.198713     4.647     4.686  5 57141.05191596 11.305
 252 173.660505  65.200053     5.291     5.012  5 57150.96754993 15.316
 253 173.661682  65.200982     1.085     1.205  5 57160.88318106 33.834
 254 173.663830  65.199656     4.671     3.966  5 57170.79883614 35.650
 255 173.661014  65.197869     6.598     6.493  5 57180.71449111 30.761
 256 173.659534  65.196309     5.346     5.277  5 57190.63014223 44.639
 257 173.656404  65.196804     5.301     5.278  5 57200.54578974 51.059
 258 173.657628  65.198223     5.000     5.398  5 57210.46142386 31.640
 259 173.661921  65.199278     2.981     2.420  5 57220.37706808 33.843
 260 173.658727  65.199840     3.301     1.829  5 57230.29271049 34.207
 261 173.660422  65.199027     3.575     4.150  5 57240.20835111 28.091
 262 173.660500  65.198484     2.988     2.144  5 57250.12398877 49.946
 263 173.661864  65.199280     6.165     6.109  5 57260.03962428 24.254
 264 173.662120  65.201313     6.734     6.810  6 57269.95525837 22.799
 265 173.664886  65.202391     2.372     1.303  6 57279.87091139 42.967
 266 173.664149  65.202205     3.645     2.255  5 57289.78656694 34.239
 267 173.663139  65.200546     3.525     2.232  5 57299.70221964 28.283
 268 173.659803  65.198714     1.375     1.334  4 57309.61786847 48.749
 269 173.659669  65.197826     1.020     0.979  5 57319.53351404 35.476
 270 173.657391  65.198792     2.293     0.901  5 57329.44915634 29.480
 271 173.661854  65.199747     2.958     3.353  5 57339.36479706 25.589
 272 173.660846  65.199483     3.217     3.305  5 57349.28044628 25.723
 273 173.656791  65.198058     3.032     2.925  5 57359.19609167 24.041
 274 173.656723  65.196037     2.136     2.109  5 57369.11173427 21.913
 275 173.656788  65.196099     1.549     1.736  5 57379.02737418 22.971
 276 173.659048  65.198193     1.927     1.905  5 57388.94301278 22.883
 277 173.663699  65.200163     1.749     1.444  5 57398.85865072 22.294
 278 173.663406  65.200989     1.159     0.992  6 57408.77428769 22.801
 279 173.659797  65.199688     1.080     1.094  5 57418.68994047 22.605
 280 173.657542  65.198521     3.652     3.505  5 57428.60559074 18.227
 281 173.659812  65.198691     4.457     4.474  4 57438.52123885 16.090
 282 173.659814  65.200767     2.263     1.751  5 57448.43688534 19.089
 283 173.665496  65.201791     2.332     1.761  5 57458.35253119 18.911
 284 173.662493  65.202120     2.055     1.590  5 57468.26817342 18.819
 285 173.663882  65.200209     1.804     1.696  5 57478.18381218 18.398
 286 173.661174  65.198701     1.745     1.645  5 57488.09944742 18.069
 287 173.658702  65.198699     1.820     1.807  5 57498.01508057 17.071
 288 173.660488  65.199775     1.075     1.040  5 57507.93072079 21.868
 289 173.663955  65.199892     1.181     1.200  5 57517.84637730 33.492
 290 173.659420  65.200053     1.419     1.416  5 57527.76203019 41.677
 291 173.661772  65.197807     6.276     6.310  5 57537.67768105 32.232
 292 173.658186  65.196393     6.522     6.609  4 57547.59332867 27.155
 293 173.655804  65.196370     2.230     2.005  5 57557.50897480 52.616
 294 173.659526  65.197719     3.611     3.462  5 57567.42462030 33.691
 295 173.660412  65.199645     2.187     0.818  5 57577.34026479 37.312
 296 173.663816  65.200120     1.256     1.234  5 57587.25590834 35.143
 297 173.662159  65.199687     6.093     6.219  5 57597.17154910 23.898
