# NaN NaN NaN ;Mean Elev.(m), Avg Gradient(m/km), RMS Gradient(m/km) - SRTM1     
#  -12.337  -0.254   7.064 ;Mean Elev.(m), Avg Gradient(m/km), RMS Gradient(m/km) - ASTER GDEM
#    1.584  -0.791   3.782 ;Mean Elev.(m), Avg Gradient(m/km), RMS Gradient(m/km) - GMTED2010 
   1 174.302594  64.732912     2.324     2.295  4 54659.17460046 41.010
   2 174.284586  64.734663     0.947     0.903 16 54669.09024484 50.124
   4 174.279735  64.737693     0.736     0.780 15 54688.92153139 42.737
   6 174.280953  64.738085     0.896     0.759 14 54708.75281598 29.796
   8 174.288908  64.731720     0.491     0.516 15 54728.58411777 33.974
   9 174.291923  64.730190     0.816     0.923 16 54738.49976554 33.315
  10 174.290603  64.730993     0.706     0.524 16 54748.41541259 35.396
  11 174.288488  64.732356    47.703    47.912 15 54758.33105921 20.314
  12 174.287705  64.732769     0.764     0.679 15 54768.24670382 34.077
  13 174.289910  64.731443     0.374     0.349 16 54778.16234548 26.221
  14 174.290807  64.730020     0.560     0.572 15 54788.07798462 24.421
  15 174.290218  64.729971     0.488     0.491 15 54797.99362255 21.479
  16 174.288529  64.731960     0.540     0.490 15 54807.90926021 20.318
  17 174.284481  64.734808     0.628     0.648 15 54817.82489706 18.193
  18 174.283891  64.735714     0.312     0.322 15 54827.74054733 17.546
  19 174.283903  64.735131     0.532     0.485 16 54837.65618641 17.055
  20 174.285086  64.734464     0.461     0.448 15 54847.57183593 16.647
  21 174.284102  64.734776     0.623     0.614 16 54857.48748457 16.258
  22 174.284856  64.735468     0.622     0.573 15 54867.40313339 14.317
  23 174.285812  64.735346     0.404     0.359 15 54877.31878161 14.093
  24 174.285872  64.734343     0.682     0.599 15 54887.23442680 14.135
  25 174.287054  64.732163     0.678     0.653 15 54897.15006879 13.749
  26 174.290327  64.730225     0.567     0.604 15 54907.06570837 13.072
  27 174.289763  64.730381     0.777     0.748 15 54916.98134629 12.965
  28 174.290046  64.731384     0.698     0.696 15 54926.89698411 12.585
  29 174.287786  64.732621     0.560     0.570 16 54936.81262106 11.874
  30 174.287561  64.732915     0.827     0.803 15 54946.72825642 12.072
  31 174.287287  64.732504     1.673     1.649 15 54956.64388985  9.651
  32 174.290037  64.731086     0.900     0.938 15 54966.55953885 36.669
  33 174.289826  64.731160     1.886     1.675 16 54976.47518647 37.362
  35 174.286693  64.733704     2.166     2.196 16 54996.30648130 30.331
  36 174.284799  64.734588     1.686     1.587 16 55006.22212712 30.597
  37 174.284077  64.734891     1.810     1.680 16 55016.13777092 29.862
  38 174.282975  64.735291     1.793     1.590 15 55026.05341328 28.511
  39 174.284129  64.735952     1.925     1.783 15 55035.96905540 29.668
  40 174.283331  64.736704     1.575     1.471 15 55045.88469653 28.215
  41 174.282647  64.736546     0.612     0.640 15 55055.80033594 32.897
  42 174.286472  64.734456     0.498     0.364 15 55065.71597358 34.065
  43 174.288199  64.732241     0.985     0.946 16 55075.63162259 33.676
  44 174.289323  64.731068     1.163     1.106 15 55085.54727060 55.653
  45 174.288248  64.731529     1.260     0.839 16 55095.46291664 32.035
  46 174.287838  64.732096     0.715     0.603 15 55105.37856249 55.454
  47 174.289367  64.731775     0.482     0.440 16 55115.29420830 46.026
  48 174.288393  64.731122     0.290     0.260 15 55125.20985151 52.148
  49 174.290003  64.730240     0.624     0.567 15 55135.12549235 36.541
  50 174.291172  64.730090     0.294     0.278 15 55145.04113101 28.617
  51 174.288204  64.731696     0.624     0.540 15 55154.95676852 25.335
  52 174.286732  64.733255     0.639     0.665 15 55164.87240648 23.585
  53 174.282193  64.735235     1.054     1.117 15 55174.78804393 29.941
  54 174.281713  64.735722     0.590     0.551 15 55184.70368379 20.102
  55 174.284154  64.735109     0.522     0.501 15 55194.61933525 18.228
  56 174.281762  64.735625     0.691     0.688 15 55204.53498486 15.959
  57 174.282210  64.736304     0.709     0.740 15 55214.45063402 15.839
  58 174.282916  64.736262     0.758     0.741 15 55224.36628274 15.319
  59 174.284020  64.734649     0.644     0.622 15 55234.28192984 14.416
  60 174.288092  64.731722     0.869     0.704 15 55244.19757406 14.277
  61 174.292341  64.729251     0.525     0.491 15 55254.11321527 14.099
  62 174.291582  64.729435     0.564     0.497 16 55264.02885398 13.308
  63 174.287223  64.731885     0.885     0.860 15 55273.94449131 13.020
  64 174.285390  64.733545     0.708     0.675 16 55283.86012846 12.786
  65 174.287890  64.732901     0.745     0.671 15 55293.77576472 12.529
  66 174.289332  64.731227     0.892     0.779 16 55303.69140216 12.227
  67 174.293079  64.729243     0.772     0.725 16 55313.60705020 11.695
  68 174.291542  64.730079     0.840     0.814 16 55323.52269544 23.767
  69 174.287137  64.732534     1.662     1.651 16 55333.43833896 28.352
  70 174.285824  64.734174     2.504     2.442 16 55343.35398269 33.449
  71 174.284760  64.734480     2.611     2.630 15 55353.26962609 39.199
  72 174.283690  64.734373     1.962     1.956 15 55363.18526740 30.172
  73 174.283784  64.734539     1.244     1.222 15 55373.10090697 51.244
  74 174.282295  64.735948     1.341     1.102 15 55383.01654502 28.296
  75 174.282558  64.737254     1.247     1.025 15 55392.93218249 29.784
  76 174.279898  64.738259     0.881     0.794 14 55402.84781816 32.019
  77 174.284651  64.735534     0.752     0.759 15 55412.76347072 29.738
  78 174.289262  64.731890     0.602     0.587 15 55422.67912064 34.121
  79 174.291397  64.729444     0.605     0.653 15 55432.59476755 35.574
  80 174.290896  64.729795     0.972     0.916 15 55442.51041207 31.428
  81 174.289453  64.731644     2.376     2.388 16 55452.42605487 26.943
  82 174.286712  64.733603     1.630     1.432 15 55462.34169674 32.640
  83 174.285801  64.733252     1.166     0.855 16 55472.25733717 30.192
  84 174.290507  64.730909     0.609     0.669 16 55482.17297543 33.535
  85 174.293421  64.729191     0.179     0.157 15 55492.08861127 47.461
  86 174.288709  64.731007     0.251     0.269 15 55502.00424449 33.922
  87 174.284289  64.733845     0.546     0.557 15 55511.91988883 28.819
  88 174.281770  64.735925     0.869     0.845 15 55521.83553811 21.603
  89 174.283984  64.735794     0.685     0.679 15 55531.75118671 18.950
  90 174.285852  64.734463     0.457     0.430 15 55541.66683371 18.987
  91 174.285870  64.733721     0.566     0.569 15 55551.58247839 18.902
  92 174.283465  64.734622     0.587     0.522 15 55561.49812124 18.397
  93 174.284611  64.735850     1.026     1.074 15 55571.41376362 16.287
  94 174.280042  64.736989     0.825     0.829 15 55581.32940434 16.711
  95 174.286429  64.734492     1.195     1.214 15 55591.24504322 15.956
  96 174.288681  64.731704     0.757     0.771 16 55601.16067853 15.108
  97 174.291972  64.729810     0.412     0.366 15 55611.07631173 14.491
  98 174.290313  64.731170     0.577     0.604 16 55620.99194345 14.611
  99 174.285824  64.733579     0.505     0.470 16 55630.90759579 14.303
 100 174.283173  64.735034     0.992     1.006 15 55640.82324636 14.156
 101 174.285098  64.733764     0.627     0.557 16 55650.73889489 13.783
 102 174.289277  64.730655     0.643     0.605 15 55660.65454012 13.572
 103 174.292069  64.728855     0.349     0.304 15 55670.57018171 12.982
 104 174.290745  64.730109     1.012     1.112 16 55680.48582088 13.234
 105 174.285271  64.733805     2.426     2.371 15 55690.40145761 10.713
 106 174.281329  64.736805     0.660     0.648 15 55700.31709295 34.928
 107 174.280991  64.737392     1.163     0.973 14 55710.23273233 40.026
 108 174.283876  64.735652     3.341     3.327 15 55720.14838284 32.010
 109 174.283897  64.734769     2.972     2.889 16 55730.06403083 52.841
 110 174.284136  64.734837     2.398     2.404 16 55739.97967748 41.660
 111 174.284026  64.735463     1.632     1.354 15 55749.89532284 30.039
 112 174.282162  64.735777     1.201     1.179 15 55759.81096572 30.330
 113 174.285779  64.734171     1.049     0.984 15 55769.72660637 54.732
 114 174.289646  64.731610     1.104     0.729 15 55779.64224380 33.093
 115 174.290287  64.730344     1.565     1.275 16 55789.55787824 29.490
 116 174.287875  64.731504     0.739     0.466 15 55799.47351100 35.226
 117 174.286874  64.733123     0.904     0.496 16 55809.38915747 33.182
 118 174.283886  64.734866     1.930     1.751 15 55819.30480592 28.464
 119 174.284401  64.734525     0.972     0.958 15 55829.22045045 55.100
 120 174.288703  64.732237     1.244     1.089 16 55839.13609103 33.309
 121 174.291314  64.730476     0.436     0.361 16 55849.05172840 38.259
 122 174.289254  64.731772     0.487     0.402 16 55858.96736314 38.934
 123 174.283943  64.734639     0.839     0.818 15 55868.88301088 29.232
 124 174.281623  64.736828     0.349     0.370 15 55878.79866202 19.472
 125 174.281380  64.737321     0.701     0.692 14 55888.71430685 20.354
 126 174.282456  64.736492     0.774     0.749 14 55898.62994610 18.870
 127 174.285304  64.735616     0.823     0.787 15 55908.54558053 15.736
 128 174.283590  64.735562     0.804     0.776 15 55918.46122936 15.380
 129 174.284635  64.735302     0.639     0.633 15 55928.37688242 14.683
 130 174.282210  64.735119     0.712     0.641 15 55938.29253162 14.217
 131 174.286656  64.732794     0.756     0.714 16 55948.20817671 14.321
 132 174.289857  64.730721     0.839     0.881 16 55958.12381715 13.903
 133 174.291335  64.730044     0.900     0.843 16 55968.03945494 13.511
 134 174.287544  64.731676     0.874     0.818 15 55977.95509127 12.940
 135 174.286031  64.733447     0.862     0.794 16 55987.87072717 12.590
 136 174.285243  64.734318     0.798     0.796 15 55997.78636690 12.158
 137 174.287536  64.733052     0.744     0.698 15 56007.70201853 12.141
 138 174.288575  64.731542     0.765     0.723 15 56017.61766585 12.105
 139 174.289929  64.730875     0.772     0.693 15 56027.53331019  9.459
 140 174.289482  64.731803     0.895     0.814 15 56037.44895255  9.255
 141 174.284490  64.734362     2.378     2.353 16 56047.36459242 10.448
 142 174.282910  64.736257     2.572     2.581 15 56057.28022985 12.481
 143 174.279953  64.737623     1.697     1.626 15 56067.19586287 17.162
 144 174.283651  64.736361     1.797     1.645 15 56077.11151223 34.175
 145 174.280685  64.736096     3.168     3.155 15 56087.02716088 56.193
 146 174.283516  64.735392     1.850     1.672 15 56096.94280766 39.248
 147 174.283103  64.735113     1.716     1.611 15 56106.85845198 32.782
 148 174.284678  64.733981     1.397     1.327 16 56116.77408214 32.448
 149 174.287905  64.732606     1.242     1.360 15 56126.68972033 29.531
 150 174.287698  64.732019     1.266     1.087 16 56136.60535427 30.194
 151 174.287583  64.732009     1.079     0.963 15 56146.52099826 36.079
 152 174.286863  64.732599     1.059     1.126 16 56156.43664757 32.582
 153 174.286907  64.733172     1.568     1.268 16 56166.35229600 47.065
 154 174.286672  64.733093     1.430     0.896 15 56176.26794210 30.152
 155 174.288341  64.732368     1.351     1.632 16 56186.18358348 32.906
 156 174.289650  64.731678     1.198     0.939 16 56196.09922108 30.605
 157 174.287102  64.732716     0.903     0.586 16 56206.01485527 31.085
 158 174.284216  64.734936     0.396     0.380 15 56215.93048790 50.445
 159 174.280027  64.737355     0.789     0.768 15 56225.84612708 53.094
 160 174.281135  64.737279    -0.069    -0.115 14 56235.76178253 42.953
 161 174.281893  64.736438     1.201     1.162 15 56245.67743410 35.636
 162 174.283441  64.735504     0.390     0.335 15 56255.59308064 30.476
 163 174.284360  64.735542     0.416     0.424 15 56265.50872311 26.627
 164 174.283346  64.736092     0.673     0.680 15 56275.42436364 22.652
 165 174.284380  64.735334     0.722     0.691 15 56285.34000948 18.423
 166 174.285646  64.733214     0.698     0.709 16 56295.25566022 17.444
 167 174.291218  64.730235     0.569     0.555 15 56305.17130727 16.609
 168 174.292468  64.729432     0.764     0.732 16 56315.08695023 15.831
 169 174.290919  64.730957     0.681     0.599 15 56325.00259089 15.337
 170 174.286022  64.733511     0.665     0.576 16 56334.91823041 14.985
 171 174.283776  64.734470     0.760     0.738 15 56344.83386937 14.645
 172 174.285416  64.733595     0.751     0.727 15 56354.74950649 14.254
 173 174.289228  64.731651     0.904     0.854 15 56364.66515191 13.757
 174 174.289216  64.731233     0.867     0.733 15 56374.58080087 13.663
 176 174.283894  64.735074     0.825     0.758 15 56394.41208990 12.847
 177 174.281977  64.736456     1.280     1.249 15 56404.32773155 14.858
 178 174.282257  64.736644     1.636     1.592 14 56414.24337047 20.086
 179 174.283301  64.736095     1.182     0.960 15 56424.15900463 38.375
 180 174.284788  64.735362     1.618     1.406 15 56434.07465032 34.241
 181 174.282709  64.735349     1.843     1.783 15 56443.99030235 54.265
 182 174.281244  64.735975     2.260     2.249 15 56453.90595188 30.466
 183 174.286118  64.734624     2.213     2.190 15 56463.82159938 45.811
 184 174.269807  64.735317    57.928    75.490  4 56473.73724136 27.277
 185 174.290554  64.730283     1.917     2.194 16 56483.65288373 29.441
 186 174.293294  64.729572     1.630     1.758 15 56493.56852077 33.642
 187 174.289584  64.731959     1.187     1.097 15 56503.48415470 33.439
 188 174.281111  64.735948     1.363     1.174 15 56513.39978644 28.206
 189 174.281378  64.736383     0.471     0.478 15 56523.31543590 55.893
 190 174.283485  64.734468     2.036     2.089 15 56533.23108813 27.068
 192 174.288969  64.731174     1.589     1.547 16 56553.06238177 28.893
 193 174.286565  64.733350     1.144     1.156 15 56562.97802413 41.175
 194 174.281295  64.736699     1.132     1.087 15 56572.89366494 46.644
 195 174.280306  64.738417     0.213     0.260 14 56582.80930415 40.710
 196 174.280477  64.738157     0.383     0.369 15 56592.72493914 29.341
 197 174.281874  64.735911     0.706     0.696 15 56602.64059073 24.870
 198 174.284457  64.734218     0.306     0.291 15 56612.55624035 19.788
 199 174.285977  64.734578     0.144     0.174 15 56622.47188537 19.348
 200 174.281299  64.736200     0.872     0.830 15 56632.38752681 17.345
 201 174.280228  64.736524     0.392     0.411 15 56642.30316428 17.287
 202 174.286431  64.733399     0.818     0.786 15 56652.21881462 16.650
 203 174.292619  64.729971     0.390     0.395 15 56662.13446507 16.397
 204 174.291834  64.729193     0.457     0.481 16 56672.05011180 16.001
 205 174.288989  64.731372     0.415     0.410 16 56681.96575649 15.530
 206 174.284586  64.734229     0.413     0.390 16 56691.88139899 14.328
 207 174.285242  64.735325     0.757     0.770 15 56701.79703819 14.939
 208 174.285665  64.734381     1.039     1.029 15 56711.71267258 14.708
 210 174.288133  64.731476     0.876     0.795 15 56731.54396976 13.566
 211 174.286408  64.733487     0.958     0.932 16 56741.45961729 13.264
 212 174.283138  64.736500     1.083     1.075 15 56751.37526030 13.230
 213 174.280401  64.738440     1.022     1.013 14 56761.29089833 13.248
 214 174.280125  64.738262     1.437     1.377 15 56771.20653005 12.128
 215 174.284931  64.735149     1.944     1.952 15 56781.12218537 11.809
 216 174.285608  64.733327     1.626     1.512 16 56791.03784035 14.805
 217 174.288088  64.732747     0.752     0.665 15 56800.95349238 44.597
 218 174.285288  64.734140     1.700     1.541 15 56810.86913682 35.693
 219 174.284950  64.734523     2.845     2.844 15 56820.78477690 30.793
 221 174.290124  64.731217     3.486     3.427 16 56840.61604646 48.569
 222 174.289335  64.731046     2.455     2.510 15 56850.53168195 30.764
 223 174.289060  64.731910     1.654     1.677 15 56860.44733627 27.961
 224 174.283840  64.734462     1.159     1.049 15 56870.36298924 48.565
 225 174.286325  64.734781     1.195     1.010 15 56880.27864038 30.720
 226 174.284729  64.734020     0.898     0.821 15 56890.19428762 34.952
 227 174.288317  64.731779     1.220     1.233 16 56900.10993262 30.749
 228 174.288820  64.731582     1.490     1.606 16 56910.02557511 28.854
 229 174.285079  64.733915     1.023     0.786 15 56919.94121539 33.790
 230 174.281199  64.737082     0.794     0.718 15 56929.85685351 33.813
 231 174.279357  64.738785     1.186     1.165 14 56939.77248719 31.331
 232 174.281329  64.738047     0.631     0.596 14 56949.68812450 55.417
 233 174.282687  64.735581     0.451     0.438 15 56959.60377712 41.739
 234 174.286809  64.733568     0.797     0.808 16 56969.51942483 40.404
 235 174.286129  64.733764     0.637     0.643 16 56979.43506800 24.652
 236 174.282172  64.735236     0.784     0.803 15 56989.35070633 21.508
 237 174.281956  64.735817     0.732     0.760 15 56999.26633879 17.890
 238 174.286788  64.733730     0.691     0.660 15 57009.18199137 16.564
 239 174.288407  64.731641     0.715     0.703 15 57019.09764423 15.831
 240 174.290122  64.730693     0.666     0.686 16 57029.01329398 15.705
 241 174.287863  64.731858     0.686     0.683 15 57038.92894157 15.451
 242 174.286574  64.733557     0.759     0.723 15 57048.84458688 14.892
 243 174.284749  64.734872     0.831     0.812 15 57058.76022825 14.338
 244 174.283266  64.735087     0.623     0.691 15 57068.67586405 13.862
 245 174.284286  64.734767     0.898     0.924 15 57078.59149578 12.749
 246 174.281616  64.735662     0.887     0.904 15 57088.50713065 12.174
 247 174.282641  64.736131     0.764     0.834 15 57098.42278908 11.682
 248 174.281550  64.737272     0.886     0.925 14 57108.33844430 11.690
 249 174.280273  64.737611     1.005     1.003 15 57118.25409440 11.539
 250 174.281182  64.736478     0.838     0.768 15 57128.16973872 10.826
 251 174.284465  64.734853     1.113     1.145 15 57138.08537782 11.046
 252 174.285318  64.734529     1.550     1.424 16 57148.00101278 10.081
 253 174.281668  64.735721     2.152     2.146 15 57157.91664471 14.080
 254 174.283561  64.735360     0.765     0.732 15 57167.83229199 45.865
 255 174.284856  64.734142     3.337     3.314 15 57177.74794852 41.672
 256 174.286926  64.732478     2.569     2.650 16 57187.66360106 30.107
 257 174.289232  64.731414     2.454     2.566 15 57197.57924945 29.880
 258 174.289159  64.731656     1.886     1.948 15 57207.49488383 31.753
 259 174.286418  64.733037     1.551     1.506 15 57217.41052813 27.578
 260 174.284060  64.734237     0.736     0.640 15 57227.32617143 33.939
 261 174.284191  64.734634     0.719     0.688 15 57237.24181290 46.025
 262 174.284806  64.734685     0.591     0.589 16 57247.15745103 34.366
 263 174.284732  64.735133     0.898     0.898 15 57257.07308653 32.545
 264 174.281153  64.736975     1.100     1.036 14 57266.98872043 29.064
 265 174.280551  64.738096     1.042     0.888 15 57276.90436637 31.952
 266 174.280138  64.738163     0.671     0.668 14 57286.82002301 33.462
 267 174.281061  64.736928     0.706     0.689 15 57296.73567697 31.027
 268 174.285295  64.734867     1.066     0.906 15 57306.65132764 29.077
 269 174.287129  64.733635     0.668     0.607 15 57316.56697421 48.037
 270 174.286917  64.733497     0.804     0.814 16 57326.48261722 38.552
 271 174.284984  64.734210     0.482     0.533 16 57336.39825792 23.646
 272 174.286102  64.733614     0.447     0.440 15 57346.31390511 24.026
 273 174.288707  64.732036     0.442     0.458 16 57356.22955260 22.626
 274 174.290497  64.730817     0.504     0.472 16 57366.14519633 19.646
 275 174.289525  64.731068     0.821     0.795 15 57376.06083644 18.177
 276 174.286948  64.732869     0.808     0.801 16 57385.97647447 16.813
 277 174.284228  64.734786     1.167     1.162 15 57395.89211196 15.438
 278 174.282396  64.736004     0.779     0.731 15 57405.80774856 15.111
 279 174.281966  64.735368     0.878     0.825 15 57415.72339806 14.651
 280 174.285459  64.734105     0.795     0.811 15 57425.63904979 14.107
 281 174.285740  64.734266     0.907     0.907 15 57435.55469811 13.429
 282 174.280868  64.736387     0.913     0.863 15 57445.47034409 13.052
 283 174.280704  64.737672     1.053     0.986 15 57455.38598973 13.076
 284 174.280125  64.737848     1.032     1.061 14 57465.30163340 12.890
 285 174.284567  64.735899     0.993     0.940 15 57475.21727388 12.713
 286 174.285083  64.734425     0.797     0.806 16 57485.13291053 12.158
 287 174.285136  64.734269     0.984     0.941 15 57495.04854439 12.247
 288 174.282879  64.736176     0.940     0.859 15 57504.96417635 11.392
 289 174.283520  64.736246     0.908     0.870 15 57514.87983293 12.168
 290 174.283586  64.735174     0.639     0.559 16 57524.79548726 32.917
 291 174.287935  64.732348     1.797     1.709 15 57534.71113976 37.446
 292 174.291045  64.730194     2.412     2.344 16 57544.62678913 56.247
 293 174.291097  64.730469     1.704     1.945 16 57554.54243571 32.042
 294 174.285987  64.733116     1.270     1.058 15 57564.45808009 32.010
 295 174.282022  64.735320     1.101     0.926 15 57574.37372397 30.259
 296 174.284255  64.735133     0.933     0.697 15 57584.28936813 28.859
 297 174.285242  64.734227     0.899     0.719 16 57594.20501024 33.401
