# NaN NaN NaN ;Mean Elev.(m), Avg Gradient(m/km), RMS Gradient(m/km) - SRTM1     
#  -12.789  -2.591   5.274 ;Mean Elev.(m), Avg Gradient(m/km), RMS Gradient(m/km) - ASTER GDEM
#    2.085 -10.822  22.049 ;Mean Elev.(m), Avg Gradient(m/km), RMS Gradient(m/km) - GMTED2010 
   1 173.606743  65.023056     2.617     2.458  5 54667.99364770 32.892
   2 173.602727  65.023592     1.326     1.151  5 54677.90929172 33.030
   4 173.598454  65.025415     1.187     1.238  7 54697.74057567 49.957
   6 173.608909  65.023640     0.778     0.819  5 54717.57187016 50.930
   8 173.610596  65.021700     2.851     4.358  5 54737.40316719 30.704
   9 173.606388  65.022685     0.690     0.777  5 54747.31881425 48.155
  10 173.607521  65.024405     0.462     0.501  5 54757.23446147 44.837
  11 173.607500  65.024356    73.523    74.024  5 54767.15010651  2.344
  12 173.602863  65.021817     1.540     1.582  4 54777.06574772 24.804
  13 173.612671  65.021161     0.702     0.717  4 54786.98138794 22.500
  14 173.610778  65.020593     0.896     0.899  4 54796.89702596 20.771
  15 173.606373  65.021551     1.042     0.995  5 54806.81266351 19.621
  16 173.603363  65.022633     1.128     1.013  4 54816.72830058 18.582
  17 173.601250  65.023350     1.234     1.196  6 54826.64394893 16.421
  18 173.603377  65.023610     1.570     1.507  6 54836.55958831 15.600
  19 173.602387  65.023960     1.484     1.336  6 54846.47523774 14.941
  20 173.600730  65.024638     1.486     1.363  6 54856.39088652 13.945
  21 173.599319  65.025756     1.465     1.448  6 54866.30653537 13.554
  22 173.599636  65.026020     1.515     1.559  6 54876.22218381 11.736
  23 173.597201  65.024584     1.820     1.805  7 54886.13782898 12.145
  24 173.607442  65.023856     1.634     1.503  5 54896.05347190 12.323
  25 173.603047  65.021694     1.560     1.139  4 54905.96911072 11.214
  26 173.612618  65.022683     1.192     1.257  4 54915.88474981 11.338
  27 173.609476  65.022970     1.507     1.558  5 54925.80038744 10.807
  28 173.607423  65.023175     2.038     2.030  5 54935.71602448 11.852
  29 173.605341  65.022312     2.358     2.319  5 54945.63165952 11.238
  30 173.610852  65.021195     2.432     2.529  4 54955.54729270 12.268
  31 173.613310  65.020580     4.508     4.506  3 54965.46294042 28.137
  32 173.610580  65.020660     3.211     3.187  4 54975.37858812 41.552
  33 173.607615  65.021936     4.742     4.814  5 54985.29423569 32.581
  35 173.602327  65.023684     2.619     2.608  6 55005.12552937 44.081
  36 173.601064  65.023770     4.526     4.378  6 55015.04117336 24.174
  37 173.604982  65.024462     4.454     4.481  6 55024.95681643 24.657
  38 173.601276  65.024802     4.905     4.902  7 55034.87245824 25.089
  39 173.601714  65.025252     2.975     2.304  6 55044.78809968 26.451
  40 173.601053  65.024316     1.447     1.181  6 55054.70373920 31.372
  41 173.607530  65.023073     1.524     1.016  5 55064.61937709 33.263
  42 173.606626  65.021633     3.734     4.013  5 55074.53502390 26.953
  43 173.611468  65.022003     2.150     2.194  4 55084.45067230 51.690
  44 173.606015  65.022088     1.270     1.240  5 55094.36631820 41.345
  45 173.605557  65.022739     1.254     1.072  5 55104.28196448 36.293
  46 173.609227  65.023413     1.396     1.379  5 55114.19761093 45.636
  47 173.609976  65.022774     0.842     0.831  3 55124.11325457 40.220
  48 173.611018  65.021984     0.535     0.527  4 55134.02889540 35.212
  49 173.613233  65.021711     0.728     0.621  4 55143.94453422 28.310
  50 173.612976  65.022221     1.387     1.439  4 55153.86017221 24.734
  51 173.605448  65.022120     1.414     1.459  5 55163.77580983 24.288
  52 173.606797  65.023122     2.233     2.222  5 55173.69144806 14.791
  53 173.607310  65.023284     1.901     1.752  5 55183.60708619 18.749
  54 173.602777  65.023378     1.814     1.734  5 55193.52273696 18.181
  55 173.603059  65.024531     1.817     1.784  5 55203.43838700 17.226
  56 173.598670  65.025153     1.823     1.759  7 55213.35403594 16.550
  57 173.600609  65.025669     1.620     1.607  7 55223.26968501 15.964
  58 173.600808  65.024457     1.549     1.710  7 55233.18533232 15.815
  59 173.606777  65.023039     1.627     1.411  5 55243.10097694 14.561
  60 173.605917  65.021435     1.914     2.045  5 55253.01661768 14.077
  61 173.611564  65.022275     1.702     1.771  4 55262.93225700 13.837
  62 173.607445  65.022957     1.849     1.917  5 55272.84789443 13.276
  63 173.608178  65.023460     2.060     2.042  5 55282.76353200 13.210
  64 173.608250  65.022377     1.675     1.419  5 55292.67916817 12.886
  65 173.610310  65.020821     1.753     1.771  4 55302.59480384 12.940
  66 173.613138  65.020516     1.542     1.651  4 55312.51045172 12.406
  67 173.604591  65.020176     3.479     3.352  4 55322.42609631 12.931
  68 173.605651  65.021964     3.764     4.057  5 55332.34174071 36.552
  69 173.603736  65.023125     4.250     4.257  5 55342.25738479 38.200
  70 173.601072  65.022993     4.305     4.355  6 55352.17302847 35.181
  71 173.603103  65.023009     4.626     4.594  5 55362.08867041 29.914
  72 173.602658  65.023124     4.596     4.408  6 55372.00431010 27.194
  73 173.601450  65.023846     4.397     4.175  6 55381.91994832 24.388
  74 173.599576  65.024488     1.115     1.066  6 55391.83558572 38.949
  75 173.601593  65.024363     1.168     1.156  6 55401.75122204 48.439
  76 173.607367  65.023504     2.390     1.955  5 55411.66687267 32.723
  77 173.606023  65.021064     1.993     1.550  5 55421.58252201 31.216
  78 173.612672  65.020744     1.324     1.312  4 55431.49816939 35.498
  79 173.603763  65.020699     1.124     1.072  4 55441.41381322 50.738
  80 173.605778  65.022811     4.285     4.431  5 55451.32945669 25.705
  81 173.601791  65.023171     4.806     4.712  6 55461.24509884 27.778
  82 173.605459  65.022403     3.778     3.411  5 55471.16074027 25.666
  83 173.610911  65.021074     1.362     0.517  5 55481.07637889 38.181
  84 173.611523  65.019833     0.711     0.744  4 55490.99201464 46.235
  85 173.613162  65.020693     0.620     0.639  3 55500.90764858 35.667
  86 173.612485  65.022788     0.692     0.663  4 55510.82329158 32.438
  87 173.603051  65.023452     0.551     0.360  6 55520.73894043 23.977
  88 173.602046  65.023856     1.286     1.283  6 55530.65458896 21.157
  89 173.602409  65.023418     1.640     1.594  6 55540.57023591 19.706
  90 173.607106  65.023849     1.919     1.732  5 55550.48588117 19.639
  91 173.602288  65.024169     2.187     2.109  6 55560.40152398 18.929
  92 173.599667  65.025115     2.320     2.222  6 55570.31716624 17.260
  93 173.601832  65.025356     2.148     2.054  6 55580.23280788 17.183
  94 173.606551  65.023740     2.268     2.071  5 55590.14844681 16.610
  95 173.611515  65.021136     2.119     2.267  4 55600.06408257 16.261
  96 173.615513  65.019738     2.275     2.349  4 55609.97971600 14.539
  97 173.612529  65.019997     2.699     2.677  3 55619.89534748 13.414
  98 173.607035  65.022108     2.330     2.148  5 55629.81099757 13.327
  99 173.606347  65.023459     2.774     2.726  5 55639.72664850 13.095
 100 173.605426  65.022279     2.481     2.372  5 55649.64229683 12.704
 101 173.611956  65.020808     2.648     2.605  4 55659.55794252 12.850
 102 173.612554  65.019852     2.593     2.572  4 55669.47358407 12.553
 103 173.612285  65.021109     2.509     2.592  3 55679.38922360 12.182
 104 173.604980  65.022519     3.904     3.824  5 55689.30486059 11.063
 105 173.605101  65.024024     3.416     3.159  6 55699.22049680 16.455
 106 173.601805  65.023340     2.944     3.306  6 55709.13613428 42.066
 107 173.606204  65.023295     4.693     4.717  5 55719.05178530 33.985
 108 173.605526  65.023205     4.834     4.787  5 55728.96743341 54.263
 109 173.603636  65.023769     4.678     4.538  6 55738.88308001 33.079
 110 173.603212  65.024715     3.770     3.722  6 55748.79872551 31.692
 111 173.603767  65.024649     1.665     1.081  6 55758.71436870 41.740
 112 173.605497  65.023178     1.645     1.656  5 55768.63000913 41.340
 113 173.604530  65.020472     3.988     4.134  4 55778.54564607 26.110
 114 173.614085  65.020017     4.119     4.213  4 55788.46128159 25.272
 115 173.611955  65.020155     4.045     4.049  4 55798.37691480 26.057
 116 173.606096  65.021353     3.598     3.032  5 55808.29255917 28.052
 117 173.608330  65.023240     4.795     4.897  5 55818.20820851 25.432
 118 173.604664  65.022049     2.454     2.084  5 55828.12385315 40.538
 119 173.612681  65.021171     1.725     1.677  3 55838.03949449 51.231
 120 173.614448  65.019966     1.461     1.335  4 55847.95513214 46.238
 121 173.611933  65.020493     0.911     0.920  3 55857.87076728 41.248
 122 173.605368  65.022274     0.963     1.079  5 55867.78641279 32.630
 123 173.602717  65.024275     1.883     1.734  5 55877.70206454 21.714
 124 173.599594  65.024240     1.358     1.282  6 55887.61770967 21.792
 125 173.603315  65.023751     1.654     1.606  5 55897.53334969 18.529
 126 173.603797  65.022673     2.240     2.202  5 55907.44898433 16.945
 127 173.607764  65.023666     1.919     1.918  5 55917.36463143 16.860
 128 173.605256  65.024342     1.724     1.693  6 55927.28028459 16.525
 129 173.601750  65.023941     2.102     2.056  6 55937.19593418 16.092
 130 173.604886  65.022811     1.958     1.553  5 55947.11157939 15.439
 131 173.612332  65.021789     1.475     1.453  4 55957.02722043 15.603
 132 173.611615  65.020688     1.351     1.134  4 55966.94285818 14.919
 133 173.612926  65.021556     1.392     1.437  4 55976.85849528 14.789
 134 173.606239  65.021854     1.821     1.586  5 55986.77413089 13.357
 135 173.612353  65.023018     1.531     1.536  4 55996.68976908 13.853
 136 173.606891  65.021852     2.267     2.075  5 56006.60541999 13.847
 137 173.610267  65.021124     2.138     2.031  4 56016.52106765 13.466
 138 173.610976  65.021157     2.186     1.972  5 56026.43671221 11.795
 139 173.607502  65.022024     2.654     2.285  5 56036.35235480 11.695
 140 173.607032  65.023708     2.281     2.059  5 56046.26799574 10.262
 141 173.602363  65.024135     3.890     3.822  5 56056.18363340 11.418
 142 173.602440  65.023879     3.869     3.784  5 56066.09926728 17.599
 143 173.601125  65.023364     3.195     2.916  6 56076.01491399 44.710
 144 173.607169  65.024328     4.681     4.686  5 56085.93056379 52.939
 145 173.602890  65.023885     4.618     4.612  6 56095.84621015 30.592
 146 173.603062  65.023712     4.644     4.617  6 56105.76185479 28.108
 147 173.607612  65.023267     3.897     4.070  5 56115.67748534 36.156
 148 173.607165  65.021906     1.597     0.736  5 56125.59312321 43.479
 149 173.613630  65.021367     2.844     3.236  4 56135.50875781 31.180
 150 173.613025  65.021184     1.918     1.060  4 56145.42439981 32.743
 151 173.607004  65.021282     3.932     4.087  5 56155.34004915 28.214
 152 173.605553  65.022154     4.146     4.337  5 56165.25569796 37.074
 153 173.606079  65.022558     4.758     4.894  5 56175.17134472 27.139
 154 173.602883  65.021603     4.763     4.747  4 56185.08698594 28.278
 155 173.611099  65.021750     3.581     3.581  4 56195.00262448 27.763
 156 173.612646  65.021867     2.759     3.134  4 56204.91825946 31.218
 157 173.605234  65.021818     0.720     0.694  5 56214.83389209 46.125
 159 173.603425  65.024164     0.857     0.741  6 56234.66518469 37.073
 160 173.602032  65.024097    75.814    77.874  6 56244.58083631  3.820
 161 173.603305  65.023976    81.425    82.055  6 56254.49648320  1.464
 162 173.602481  65.023992     1.769     1.615  6 56264.41212578 25.849
 163 173.601402  65.024059     2.146     2.011  6 56274.32776659 22.661
 164 173.601569  65.023592     1.309     1.340  6 56284.24341109 23.223
 165 173.603583  65.022598     2.234     2.122  5 56294.15906241 17.813
 166 173.612914  65.022227     1.475     1.428  4 56304.07471011 17.481
 167 173.611301  65.021554     1.702     1.616  4 56313.99035286 16.521
 168 173.603315  65.021422     2.277     2.005  4 56323.90599296 15.473
 169 173.609297  65.023372     1.833     1.653  5 56333.82163378 15.435
 170 173.607026  65.023005     2.108     1.989  5 56343.73727305 14.788
 171 173.608137  65.021993     1.988     1.907  5 56353.65291029 14.346
 172 173.611940  65.021516     2.067     2.048  4 56363.56855365 13.533
 173 173.611543  65.021902     2.239     1.946  4 56373.48420262 13.402
 175 173.601812  65.024132     2.651     2.658  7 56393.31549222 12.588
 176 173.602038  65.024828     2.505     2.341  6 56403.23113470 12.454
 177 173.601132  65.024372     3.534     3.435  7 56413.14677413 10.950
 178 173.603384  65.023484    69.516    73.481  5 56423.06240884  5.412
 179 173.607843  65.023931     3.803     4.159  5 56432.97805233 37.335
 180 173.603202  65.024197     4.682     4.680  6 56442.89370433 34.754
 181 173.602291  65.024917     4.239     4.144  6 56452.80935414 47.450
 182 173.603969  65.024458     3.952     3.898  6 56462.72500152 54.094
 183 173.604678  65.022716     4.750     4.874  5 56472.64064541 24.415
 184 173.606293  65.020938     4.712     4.773  5 56482.55628595 26.369
 185 173.611411  65.021145     3.020     3.020  4 56492.47192338 52.545
 186 173.606648  65.021449     3.891     3.877  5 56502.38755750 27.444
 187 173.604843  65.022308     2.554     2.561  5 56512.30319036 51.759
 188 173.606233  65.022841     1.851     1.205  5 56522.21883784 33.705
 189 173.605607  65.022032     4.564     4.695  5 56532.13449037 28.128
 191 173.612893  65.022246     4.873     4.908  4 56551.96578486 25.877
 192 173.608522  65.023605     1.872     1.871  5 56561.88142726 52.728
 193 173.601548  65.024817     1.524     1.015  6 56571.79706823 31.767
 194 173.600311  65.025494     0.799     0.730  7 56581.71270794 31.485
 195 173.600879  65.024193     0.736     0.706  6 56591.62834341 28.674
 196 173.606034  65.023557     0.948     0.787  5 56601.54399305 23.039
 197 173.605788  65.023233     1.417     1.383  5 56611.45964277 19.933
 198 173.605260  65.024230     1.207     0.965  6 56621.37528804 20.145
 199 173.601271  65.024630     1.824     1.927  7 56631.29092997 17.834
 200 173.603071  65.024074     1.629     1.598  6 56641.20656843 16.712
 201 173.608791  65.022631     1.695     1.718  5 56651.12221679 16.545
 202 173.611735  65.021091     1.254     1.243  4 56661.03786727 15.782
 203 173.612597  65.021098     1.509     1.618  3 56670.95351437 14.303
 204 173.610047  65.022907     1.398     1.441  3 56680.86915925 13.580
 205 173.602287  65.023720     1.975     1.967  6 56690.78480170 12.988
 206 173.603297  65.023852     1.997     1.991  6 56700.70044143 13.053
 207 173.604785  65.021999     1.965     1.629  5 56710.61607630 11.952
 208 173.610740  65.021523     1.675     1.620  4 56720.53171961 10.986
 210 173.601035  65.023556     1.745     1.653  6 56740.36301895 10.711
 211 173.600399  65.025792     2.823     3.108  7 56750.27866306 11.022
 212 173.597859  65.025844     2.852     2.904  6 56760.19430195 10.895
 213 173.601598  65.024635     2.536     2.445  7 56770.10993485 10.437
 214 173.606490  65.023921     4.036     3.904  5 56780.02558696 10.963
 215 173.603482  65.023301     4.640     4.367  5 56789.94124192  4.991
 216 173.602678  65.024199     3.126     3.981  5 56799.85689388 28.825
 217 173.598711  65.024821     4.082     4.231  6 56809.77253902 34.955
 218 173.597291  65.024266     4.948     4.920  7 56819.68817912 52.617
 219 173.605141  65.023125     5.243     5.202  5 56829.60381618 36.575
 221 173.612833  65.020378     4.746     4.748  4 56849.43508306 46.920
 222 173.607745  65.021778     4.342     4.288  5 56859.35073724 28.911
 223 173.605365  65.024007     3.864     3.821  6 56869.26639081 24.179
 224 173.600619  65.024321     1.369     1.381  6 56879.18204172 35.986
 225 173.603727  65.023816     1.259     1.353  6 56889.09768983 34.774
 226 173.604706  65.022549     3.441     3.324  5 56899.01333495 26.603
 227 173.609138  65.023442     3.880     4.384  5 56908.92897816 25.720
 228 173.601545  65.024333     1.582     1.600  6 56918.84461840 52.028
 229 173.599574  65.025996     0.788     0.743  6 56928.76025713 34.615
 230 173.597178  65.025818     1.673     1.719  7 56938.67589134 41.958
 231 173.597266  65.024118     0.830     0.800  7 56948.59152554 37.506
 232 173.603154  65.023409     0.249     0.278  6 56958.50717902 36.980
 233 173.601058  65.022490     0.888     0.829  6 56968.42282655 37.902
 234 173.601626  65.023055     2.030     1.906  6 56978.33847051 17.520
 235 173.603723  65.023974     1.420     1.318  6 56988.25411017 18.634
 236 173.601038  65.022901     1.552     1.506  6 56998.16974314 16.594
 237 173.612663  65.023174     0.914     0.908  4 57008.08539328 15.893
 238 173.603842  65.020709     1.142     0.921  4 57018.00104555 14.748
 239 173.613052  65.021792     1.146     1.038  4 57027.91669637 14.739
 240 173.602660  65.021897     1.687     1.374  4 57037.83234358 13.970
 241 173.608134  65.024185     1.508     1.377  5 57047.74798984 13.658
 242 173.600507  65.023672     2.182     2.168  6 57057.66363097 12.655
 243 173.605690  65.023306     1.278     1.110  5 57067.57926772 12.614
 244 173.606932  65.022481     2.153     2.002  5 57077.49489980 11.277
 245 173.608705  65.022589     2.425     2.447  5 57087.41053208 11.693
 246 173.601624  65.023869     2.642     2.573  6 57097.32619026 10.668
 247 173.600571  65.025680     1.540     1.604  7 57107.24184613 10.852
 248 173.597964  65.025737     3.326     3.355  7 57117.15749684 10.609
 249 173.598449  65.024690     3.154     3.264  6 57127.07314154  9.273
 250 173.600989  65.023523     3.401     3.235  6 57136.98878098  9.167
 251 173.605327  65.023103     3.149     2.958  5 57146.90441656 10.370
 252 173.601296  65.022249     3.915     3.928  6 57156.82004889 11.224
 253 173.605816  65.023048     1.949     1.362  5 57166.73569337 38.858
 254 173.601270  65.022676     5.122     5.119  6 57176.65134936 39.021
 255 173.606815  65.022684     4.397     4.321  5 57186.56700233 33.919
 256 173.603236  65.021430     4.620     4.645  4 57196.48265027 53.631
 257 173.608251  65.022136     3.679     3.648  5 57206.39828551 52.085
 258 173.601210  65.022235     4.072     3.965  6 57216.31392995 27.239
 259 173.603388  65.023446     2.008     1.738  5 57226.22957411 41.818
 260 173.603051  65.023622     1.690     1.193  6 57236.14521594 33.881
 261 173.606410  65.023586     2.453     2.106  5 57246.06085462 27.526
 262 173.607497  65.023354     3.060     3.238  5 57255.97649048 23.859
 263 173.606208  65.023770     1.799     1.773  5 57265.89212490 51.003
 264 173.601539  65.024326     2.085     1.525  6 57275.80776803 44.180
 265 173.599823  65.025113     1.311     1.331  7 57285.72342486 50.492
 266 173.602561  65.025169     1.254     1.187  6 57295.63907914 40.033
 267 173.602705  65.024312    64.709    72.568  3 57305.55472949 10.214
 268 173.602606  65.023722     0.724     0.651  5 57315.47037600 45.077
 269 173.602559  65.023804     1.388     1.053  6 57325.38601935 39.268
 270 173.603540  65.024000     2.447     2.484  6 57335.30166084 26.123
 271 173.607925  65.024315     1.693     1.660  5 57345.21730761 24.458
 272 173.607500  65.023368     1.559     1.466  5 57355.13295524 23.631
 273 173.608840  65.022628     1.439     1.214  5 57365.04859910 20.693
 274 173.605704  65.021768     1.514     1.314  5 57374.96423912 19.256
 275 173.607618  65.022500     1.646     1.549  5 57384.87987784 18.777
 276 173.603686  65.022492     1.587     1.300  4 57394.79551549 18.128
 277 173.607993  65.023198     1.420     1.341  5 57404.71115301 18.990
 278 173.605982  65.022849     1.594     1.437  5 57414.62680025 18.476
 279 173.601663  65.022547     1.850     1.660  6 57424.54245123 15.876
 280 173.603128  65.023701     1.962     1.831  6 57434.45809990 14.088
 281 173.598592  65.024689     2.075     2.086  6 57444.37374627 13.735
 282 173.599870  65.025922     1.951     2.081  7 57454.28939250 13.570
 283 173.598103  65.025509     1.766     1.883  6 57464.20503654 12.904
 284 173.602625  65.024282     2.196     2.129  6 57474.12067739 12.984
 286 173.607205  65.022369     2.055     1.873  5 57493.95194856 12.136
 287 173.607431  65.022899     1.986     1.806  5 57503.86758062 11.982
 288 173.602975  65.023330     1.207     1.139  5 57513.78323421 17.194
 289 173.601774  65.022844     0.803     0.750  6 57523.69888863 33.860
 290 173.608008  65.022241     3.565     3.834  5 57533.61454140 43.196
 291 173.605539  65.020916    83.321    83.321  2 57543.53019024 19.396
 292 173.606549  65.021569     3.897     3.749  5 57553.44583692 32.718
 293 173.606031  65.023089     1.215     1.158  5 57563.36148203 52.430
 294 173.603429  65.023990     0.957     0.993  6 57573.27712643 34.371
 295 173.603096  65.023886     1.904     1.616  6 57583.19277077 32.675
 296 173.607946  65.023732     2.504     1.790  5 57593.10841368 29.379
 297 173.606085  65.023158     3.688     3.774  5 57603.02405355 21.903
