# NaN NaN NaN ;Mean Elev.(m), Avg Gradient(m/km), RMS Gradient(m/km) - SRTM1     
#  -12.625  -3.694  12.725 ;Mean Elev.(m), Avg Gradient(m/km), RMS Gradient(m/km) - ASTER GDEM
#    8.471  -3.326  11.655 ;Mean Elev.(m), Avg Gradient(m/km), RMS Gradient(m/km) - GMTED2010 
   1 172.605698  65.249898     9.887     9.795  5 54665.02694280 54.861
   2 172.605465  65.251192     8.364     8.355  4 54674.94258757 37.921
   4 172.611232  65.254320     9.276     8.282  4 54694.77387334 30.372
   6 172.605134  65.250075     7.369     7.374  4 54714.60516304 45.123
   8 172.602591  65.247693     7.662     7.673  5 54734.43646127 35.618
   9 172.603588  65.249704     8.505     7.326  5 54744.35210853 39.893
  10 172.607353  65.251732     7.019     7.030  4 54754.26775567 42.415
  11 172.605785  65.251130     6.867     6.902  5 54764.18340132 38.130
  12 172.604715  65.248683    10.831    10.873  5 54774.09904419 27.274
  13 172.600342  65.246239     8.722     8.409  5 54784.01468412 27.076
  14 172.601693  65.246513    11.818    11.462  6 54793.93032271 20.875
  15 172.606049  65.248939    12.379    12.266  5 54803.84596076 20.716
  16 172.605565  65.250421    11.142    10.953  5 54813.76159792 19.710
  17 172.606463  65.250846    11.609    11.517  5 54823.67724218 16.816
  18 172.603838  65.249911    11.572    11.312  5 54833.59288192 16.011
  19 172.605393  65.250304    11.575    11.506  5 54843.50853206 15.316
  20 172.608400  65.252116    11.804    11.727  4 54853.42418142 14.116
  21 172.608746  65.254193    12.171    12.192  4 54863.33983031 14.075
  22 172.611709  65.255342    11.810    11.754  4 54873.25547925 14.085
  23 172.608032  65.253636    14.485    12.415  5 54883.17112516 12.611
  24 172.607086  65.250696    12.926    12.653  5 54893.08676787 12.986
  25 172.602370  65.247890    15.805    14.534  5 54903.00240750 10.990
  26 172.604511  65.248119    14.535    13.632  5 54912.91804657 11.062
  27 172.604231  65.249651    13.308    13.482  5 54922.83368462 11.312
  28 172.606003  65.251002    14.793    13.342  5 54932.74932207 10.826
  29 172.605664  65.250060    15.793    13.902  5 54942.66495740 10.578
  30 172.602205  65.247215    12.981    13.114  5 54952.58059048  9.799
  31 172.600516  65.245239     7.347     7.080  5 54962.49623329 44.885
  32 172.602028  65.246064    11.498    11.647  6 54972.41188207 37.757
  33 172.604115  65.248427    12.907    13.055  5 54982.32753003 31.545
  35 172.605086  65.251311    11.676    11.613  4 55002.15882426 52.715
  36 172.606303  65.251238    11.320    11.899  4 55012.07446915 28.580
  37 172.604899  65.250596    10.738    10.706  5 55021.99011231 33.277
  38 172.604806  65.251322    13.921    13.881  4 55031.90575475 25.878
  39 172.607007  65.252805    13.524    13.727  4 55041.82139671 27.989
  40 172.610079  65.253552     8.968     8.702  4 55051.73703719 48.811
  41 172.607926  65.251828     7.676     7.675  4 55061.65267487 43.692
  42 172.606479  65.249234     8.791     8.831  5 55071.56831735 32.845
  43 172.603877  65.247168    10.354    10.030  5 55081.48396572 33.530
  44 172.601776  65.247103     8.807     8.771  5 55091.39961260 53.745
  45 172.603028  65.248956     7.675     7.771  5 55101.31525935 40.684
  46 172.605378  65.250886     7.214     7.231  5 55111.23090580 40.374
  47 172.604597  65.250504     6.990     6.980  4 55121.14654980 41.564
  48 172.603665  65.248447     6.635     6.589  4 55131.06219089 37.547
  49 172.601166  65.246307     8.096     8.956  5 55140.97782983 32.638
  50 172.600397  65.246406    11.281    11.199  5 55150.89346825 28.693
  51 172.606201  65.248866    10.927    10.936  5 55160.80910740 26.787
  52 172.607007  65.250672    11.699    11.760  5 55170.72474565 22.352
  53 172.607123  65.251148    13.563    13.128  4 55180.64038234 18.936
  54 172.605868  65.250777    13.808    13.629  4 55190.55603042 17.860
  55 172.607043  65.251281    17.774    15.694  5 55200.47168086 16.854
  56 172.607584  65.252202    20.363    21.034  4 55210.38733061 16.280
  57 172.609063  65.253276    14.368    12.299  4 55220.30298001 15.506
  58 172.607625  65.252811    15.910    14.376  5 55230.21862806 14.669
  59 172.605613  65.251266    14.353    12.480  4 55240.13427278 13.640
  60 172.603291  65.249143    16.669    16.851  5 55250.04991384 12.786
  61 172.603383  65.248031    17.156    18.387  5 55259.96555283 12.817
  62 172.603117  65.248079    16.512    16.640  5 55269.88119106 12.572
  63 172.604000  65.248971    16.336    17.425  5 55279.79682931 12.111
  64 172.605329  65.249449    16.639    16.887  5 55289.71246630 11.887
  65 172.604259  65.248661    15.605    16.770  5 55299.62810064 10.498
  66 172.601893  65.247211    12.963    11.207  5 55309.54374499 13.013
  67 172.602194  65.246561    13.546    11.946  5 55319.45939079 13.877
  68 172.601710  65.247052     9.871     8.705  5 55329.37503559 35.103
  69 172.603598  65.248912    13.810    13.717  5 55339.29068037 32.574
  70 172.604420  65.250453    13.258    13.054  5 55349.20632472 38.690
  71 172.605791  65.251250    13.305    13.236  4 55359.12196711 30.181
  72 172.606575  65.251372    13.765    13.912  4 55369.03760725 25.475
  73 172.606761  65.251392     9.924     9.405  5 55378.95324583 33.697
  74 172.608224  65.251825    10.806    10.471  4 55388.86888380 25.823
  75 172.606579  65.251553     7.837     7.879  4 55398.78452045 35.529
  76 172.604336  65.250446     7.582     7.565  5 55408.70016576 51.511
  77 172.602207  65.248789     8.307     8.190  5 55418.61581621 36.174
  78 172.603096  65.247649     7.896     7.887  4 55428.53146353 40.076
  79 172.602907  65.247612     8.966     8.710  4 55438.44710820 52.489
  80 172.603857  65.248650    10.547    10.420  4 55448.36275170 29.914
  81 172.602842  65.249225    13.798    13.804  5 55458.27839471 27.480
  82 172.604471  65.249318    13.249    13.384  5 55468.19403722 30.707
  83 172.604018  65.248190    10.207    10.089  5 55478.10967620 38.400
  84 172.602233  65.246931     7.820     7.760  6 55488.02531198 45.279
  85 172.600158  65.246320     7.399     7.429  5 55497.94094548 37.869
  86 172.601417  65.247529     9.352     9.456  5 55507.85658361 32.898
  87 172.605356  65.249520     9.839    10.233  5 55517.77223438 29.371
  88 172.606034  65.250698    10.808    10.772  5 55527.68788387 25.077
  89 172.605722  65.251075    16.560    15.073  4 55537.60353129 20.103
  90 172.606210  65.251406    17.329    18.399  5 55547.51917652 18.590
  91 172.608404  65.252324    12.158    12.110  4 55557.43482019 18.047
  92 172.607860  65.252984    12.250    12.237  4 55567.35046275 16.733
  93 172.609005  65.252711    12.500    12.546  4 55577.26610468 15.627
  94 172.605979  65.250500    12.582    12.466  5 55587.18174408 14.961
  95 172.602080  65.247614    12.862    12.959  5 55597.09738024 14.114
  96 172.602787  65.246415    13.511    13.525  5 55607.01301403 13.942
  97 172.602418  65.246563    15.203    13.334  6 55616.92864571 12.898
  98 172.601327  65.248029    13.073    12.971  5 55626.84428949 13.020
  99 172.604660  65.249174    15.936    14.087  5 55636.75994150 13.014
 100 172.603775  65.248546    13.447    13.109  5 55646.67559098 13.980
 101 172.604948  65.247373    13.142    13.300  5 55656.59123781 13.121
 102 172.601466  65.246407    13.822    13.490  5 55666.50687987 13.551
 103 172.602093  65.247234    13.665    13.337  5 55676.42251954 14.011
 104 172.602224  65.248833    13.528    13.093  5 55686.33815742 13.141
 105 172.604978  65.250271    13.333    13.224  4 55696.25379437 24.047
 106 172.604727  65.250190     8.633     7.825  5 55706.16942971 42.173
 107 172.606802  65.250198    13.369    13.199  5 55716.08507935 35.187
 108 172.604760  65.250268    13.064    13.070  4 55726.00072794 38.331
 109 172.606673  65.251563    12.914    12.971  5 55735.91637512 33.896
 110 172.607864  65.252770    11.404    11.475  4 55745.83202095 51.157
 111 172.606616  65.252330     9.927     9.982  5 55755.74766462 52.252
 112 172.606904  65.250222     8.330     8.320  5 55765.66330590 42.983
 113 172.602618  65.247065     9.699     8.726  5 55775.57894384 31.304
 114 172.600437  65.245466     8.577     8.673  5 55785.49457909 52.393
 115 172.601358  65.246587    11.107     9.909  5 55795.41021278 30.106
 116 172.603821  65.248723     8.603     8.527  4 55805.32585238 52.587
 117 172.605403  65.249868    13.283    13.298  4 55815.24150192 26.588
 118 172.602890  65.248337    13.710    13.663  5 55825.15714838 28.714
 119 172.600660  65.246258     9.421     9.385  5 55835.07279028 40.469
 120 172.601651  65.245539     8.390     8.443  6 55844.98842892 48.060
 121 172.600488  65.246637     7.719     7.648  5 55854.90406459 43.268
 122 172.606286  65.249560     7.341     7.281  5 55864.81970491 31.853
 123 172.606836  65.251553     9.203     8.635  4 55874.73535824 24.762
 124 172.606120  65.251464    12.434    12.241  5 55884.65100574 20.472
 125 172.604635  65.250523    12.302    12.256  4 55894.56664711 19.074
 126 172.605333  65.249874    13.091    12.977  5 55904.48228335 17.923
 127 172.604788  65.250484    13.838    13.743  5 55914.39792356 16.884
 128 172.606919  65.252144    12.724    12.677  5 55924.31357780 16.055
 129 172.607086  65.252370    11.485    11.214  5 55934.22922867 16.541
 130 172.604921  65.250175    12.971    12.789  5 55944.14487458 14.524
 131 172.600840  65.246992    14.385    13.123  5 55954.06051594 14.806
 132 172.601825  65.245826    12.762    12.573  5 55963.97615493 14.261
 133 172.600031  65.246778    13.882    12.378  5 55973.89179211 14.298
 134 172.603764  65.249296    12.919    12.767  5 55983.80742872 13.917
 135 172.606725  65.250165    13.212    12.708  5 55993.72306299 13.226
 136 172.604632  65.248867    13.965    14.173  5 56003.63871294 13.080
 137 172.599837  65.246316    12.831    12.732  5 56013.55436131 12.936
 138 172.602123  65.246057    14.878    12.790  5 56023.47000721 12.927
 139 172.601136  65.247734    14.017    12.415  5 56033.38565050 11.355
 140 172.605005  65.250774    10.456    10.512  4 56043.30129223 22.325
 141 172.606799  65.252457     9.872     9.901  5 56053.21693107 23.870
 142 172.606490  65.251884     7.078     7.104  5 56063.13256636 36.800
 143 172.604196  65.250208    11.746    12.486  5 56073.04820756 39.830
 144 172.604079  65.249954    13.076    13.369  5 56082.96385761 36.397
 145 172.606143  65.250900    13.520    13.033  5 56092.87950547 29.120
 146 172.608553  65.252181    13.747    13.929  4 56102.79515113 27.538
 147 172.607269  65.251671     9.627     9.621  5 56112.71078191 53.913
 148 172.603146  65.249400     8.513     8.443  5 56122.62642025 49.778
 149 172.603729  65.246900     7.998     8.109  5 56132.54205515 48.747
 150 172.599900  65.245327    10.433    11.043  5 56142.45769176 33.313
 151 172.604677  65.247250     8.376     8.342  5 56152.37334310 37.351
 152 172.604790  65.249432    11.038    10.032  4 56162.28899245 33.405
 153 172.605208  65.250566    10.280    10.258  5 56172.20463985 46.913
 154 172.605289  65.249657    12.795    12.533  4 56182.12028237 29.466
 155 172.604965  65.247842     9.459     8.295  5 56192.03592103 37.515
 156 172.602840  65.246697     9.063     8.046  5 56201.95155683 37.235
 157 172.602475  65.247728     7.344     7.455  5 56211.86719091 43.550
 158 172.604093  65.249884     7.086     7.009  5 56221.78282330 43.669
 159 172.607858  65.252373     7.672     7.086  4 56231.69847756 36.899
 160 172.607424  65.252536    11.933    11.993  4 56241.61413012 28.618
 161 172.606140  65.251581    11.659    11.564  5 56251.52977835 26.283
 162 172.606367  65.250738    12.214    12.018  5 56261.44542206 23.528
 163 172.606509  65.250767    12.636    12.429  5 56271.36106365 20.336
 164 172.605513  65.250912    16.337    16.944  4 56281.27670430 18.803
 165 172.605311  65.251061    13.474    12.631  4 56291.19235660 17.451
 166 172.605128  65.249840    12.713    12.779  4 56301.10800434 16.951
 167 172.603290  65.247925    13.063    12.755  5 56311.02364772 16.678
 168 172.600410  65.246851    14.913    16.432  5 56320.93928878 15.553
 169 172.603518  65.248106    12.823    12.691  5 56330.85492984 14.834
 170 172.603613  65.249417    13.646    12.401  5 56340.77057005 14.520
 171 172.605644  65.250052    13.136    12.933  4 56350.68620815 14.015
 172 172.604653  65.248904    12.847    12.826  5 56360.60184611 13.255
 173 172.605946  65.248237    17.074    17.736  5 56370.51749594 13.254
 175 172.605331  65.250132    16.497    16.977  5 56390.34878806 11.810
 176 172.606073  65.251918    13.193    12.651  5 56400.26443148 13.406
 177 172.608370  65.252934     7.186     7.077  5 56410.18007235 41.272
 178 172.605377  65.251974     8.895     7.777  4 56420.09570786 39.584
 179 172.606615  65.251126    13.775    13.877  4 56430.01134426 28.440
 180 172.606450  65.251250    53.876    53.862  4 56439.92699748 23.797
 181 172.607446  65.251608    12.584    12.602  5 56449.84264833 49.234
 182 172.607187  65.251454    12.839    12.841  4 56459.75829681 30.925
 183 172.606561  65.250410    12.020    11.962  5 56469.67394188 54.354
 184 172.604599  65.249098    12.344    11.410  5 56479.58958297 29.719
 185 172.601051  65.247756    10.611    10.550  5 56489.50521996 53.698
 186 172.603600  65.247933    10.167    10.176  5 56499.42085514 50.452
 187 172.603268  65.248092    10.328    10.336  4 56509.33648880 43.123
 188 172.601629  65.248389     9.178     9.071  5 56519.25212984 52.260
 189 172.602875  65.248960    13.071    13.112  5 56529.16778385 29.594
 190 172.604252  65.249031    13.300    13.344  4 56539.08343372 26.916
 191 172.604724  65.248933    12.088    12.690  4 56548.99907929 30.094
 192 172.603558  65.249530    12.632    12.380  5 56558.91472228 29.286
 193 172.604643  65.250875     9.186     9.181  5 56568.83036458 50.406
 194 172.608155  65.252493     8.369     8.359  5 56578.74600580 43.969
 195 172.605678  65.252143     7.975     7.980  4 56588.66164260 37.220
 196 172.605433  65.251476     7.768     7.768  4 56598.57728599 31.670
 197 172.605349  65.251094    12.278    12.487  5 56608.49293703 18.984
 198 172.606929  65.251520    12.541    12.093  5 56618.40858339 18.355
 199 172.606251  65.251625    13.570    12.443  4 56628.32422626 17.054
 200 172.606174  65.250982    13.977    13.187  5 56638.23986623 14.800
 201 172.606288  65.249431    14.089    14.734  5 56648.15550957 14.888
 202 172.602845  65.247875    12.325    12.220  5 56658.07116089 13.855
 203 172.600373  65.247359    13.018    12.680  5 56667.98680814 13.548
 204 172.604178  65.248979    13.758    12.546  4 56677.90245353 13.168
 205 172.605932  65.250420    12.702    12.635  5 56687.81809739 13.197
 206 172.605633  65.250459    13.715    13.457  5 56697.73373875 14.492
 207 172.603533  65.249039    13.443    13.455  5 56707.64937526 14.434
 208 172.605389  65.248158    13.519    13.211  5 56717.56501180 12.891
 210 172.606003  65.251025    13.638    13.569  5 56737.39631367 12.577
 211 172.607897  65.253206    13.542    13.722  5 56747.31195929 11.579
 212 172.605813  65.253261    13.097    13.106  4 56757.22760001 11.613
 213 172.607371  65.252211    13.561    13.424  4 56767.14323513 11.683
 214 172.604734  65.250728    13.090    12.897  5 56777.05887840 12.445
 215 172.607766  65.251410    13.224    13.236  4 56786.97453498 13.934
 216 172.607627  65.252420    11.453    11.893  5 56796.89018769 30.463
 217 172.607830  65.253115    10.435    10.402  4 56806.80583540 41.427
 218 172.606132  65.251894    12.525    12.388  5 56816.72147654 52.798
 219 172.604270  65.249568    13.778    13.704  5 56826.63711412 33.366
 221 172.602485  65.247004    13.818    13.842  5 56846.46837972 53.493
 222 172.605414  65.248967    12.000    12.031  5 56856.38402948 45.739
 223 172.606687  65.250946     9.947     9.918  4 56866.29968318 32.877
 224 172.607126  65.251284    10.665     9.931  5 56876.21533551 28.940
 225 172.603853  65.250210     8.603     8.636  5 56886.13098431 47.078
 226 172.604567  65.249388     8.989     8.996  5 56896.04663067 36.271
 227 172.603712  65.249871     8.895     8.817  5 56905.96227395 50.311
 228 172.605128  65.251937    12.033    11.775  4 56915.87791531 27.663
 229 172.608620  65.254117    11.034    10.458  5 56925.79355498 34.979
 230 172.609479  65.254371    10.123     9.889  5 56935.70919110 33.306
 231 172.606344  65.252165     8.119     8.174  4 56945.62482142 35.387
 232 172.606816  65.250604     7.384     7.388  4 56955.54047290 32.040
 233 172.606941  65.250156    11.318    11.319  5 56965.45612220 24.003
 234 172.604910  65.250979    12.012    12.052  4 56975.37176697 21.818
 235 172.606919  65.252283    14.066    11.207  5 56985.28740768 17.664
 236 172.605502  65.251271    13.812    12.543  4 56995.20304259 16.253
 237 172.601972  65.248444    13.583    11.997  5 57005.11868346 15.454
 238 172.602041  65.246706    15.524    16.059  5 57015.03433870 14.560
 239 172.604220  65.247157    18.284    19.193  5 57024.94998974 14.099
 240 172.603409  65.249377    17.050    19.862  5 57034.86563832 13.382
 241 172.606906  65.251760    17.117    16.094  4 57044.78128476 13.194
 242 172.607390  65.251917    14.562    14.534  5 57054.69692785 12.416
 243 172.604930  65.249826    17.172    17.656  5 57064.61256571 12.061
 244 172.602450  65.248170    14.708    14.798  5 57074.52819881 11.874
 245 172.606079  65.248781    16.201    16.338  5 57084.44382927 10.631
 246 172.607735  65.251647    15.365    15.132  4 57094.35948226 11.290
 247 172.609690  65.254310    14.203    14.029  4 57104.27513928 11.179
 248 172.609825  65.254762    14.116    14.004  4 57114.19079186 11.739
 249 172.609609  65.253046    16.120    16.116  4 57124.10643810  9.924
 250 172.605606  65.250646    16.252    15.658  5 57134.02207863 10.059
 251 172.602896  65.249382    15.189    15.097  5 57143.93771481 10.437
 252 172.604699  65.250106    12.850    12.641  5 57153.85334882 13.847
 253 172.605928  65.250874     7.196     7.188  5 57163.76898478 36.885
 254 172.604973  65.251073    11.575    11.451  5 57173.68464154 46.945
 255 172.606521  65.249818    12.705    12.682  5 57183.60029518 54.608
 256 172.600292  65.247352    13.466    13.467  5 57193.51594415 54.464
 257 172.604580  65.247662    12.596    12.616  5 57203.43159190 43.477
 258 172.605078  65.249382    12.741    12.222  5 57213.34722607 27.641
 259 172.605701  65.251375    10.985    10.108  4 57223.26287011 28.857
 260 172.607238  65.252064     9.541     9.680  4 57233.17851248 31.168
 261 172.605762  65.250888     8.914     8.938  5 57243.09415156 41.254
 262 172.602818  65.249149    10.083     9.126  5 57253.00978793 29.901
 263 172.604355  65.249382    10.156     9.451  4 57262.92542323 28.712
 264 172.606432  65.251212    11.369    10.320  5 57272.84105997 28.149
 265 172.606336  65.253446    11.726    12.666  4 57282.75671747 31.326
 266 172.607249  65.254040     9.925     9.515  4 57292.67237235 50.016
 267 172.607818  65.252755    11.093    11.224  5 57302.58802373 32.327
 268 172.604892  65.250541     7.733     7.729  4 57312.50367094 42.724
 269 172.604477  65.249777     7.324     7.432  5 57322.41931523 36.958
 270 172.604270  65.250406    15.437    16.648  5 57332.33495751 25.536
 271 172.607006  65.251692    11.736    11.961  5 57342.25059810 21.564
 272 172.608246  65.251906    12.169    12.228  4 57352.16625023 19.985
 273 172.605476  65.250081    13.392    12.247  4 57362.08189431 18.374
 274 172.603372  65.247934    12.677    12.540  4 57371.99753517 16.785
 275 172.602844  65.247589    12.475    12.554  5 57381.91317432 16.243
 276 172.604687  65.248962    13.383    12.285  4 57391.82881316 15.817
 277 172.607030  65.250566    14.479    13.675  5 57401.74445108 15.441
 278 172.605441  65.250787    16.071    16.065  4 57411.66009294 14.912
 279 172.607034  65.250746    12.937    12.896  5 57421.57574497 14.076
 280 172.605672  65.250559    14.282    13.567  4 57431.49139408 14.445
 281 172.605357  65.251329    12.615    12.436  4 57441.40704146 12.932
 282 172.605534  65.252685    12.493    12.481  4 57451.32268812 13.055
 283 172.608970  65.253877    14.035    13.031  5 57461.23833352 13.369
 284 172.608769  65.253289    17.131    18.392  4 57471.15397509 12.114
 285 172.607342  65.251563    13.928    12.793  5 57481.06961246 11.000
 286 172.605328  65.249742    15.012    13.829  4 57490.98524673 12.086
 287 172.605190  65.248912    12.366    12.066  5 57500.90087916 12.363
 288 172.602643  65.249024     7.222     7.222  5 57510.81652602 25.175
 289 172.603664  65.249856     9.125     8.997  5 57520.73218168 34.892
 290 172.605105  65.250083    54.764    55.719  5 57530.64783477 20.623
 291 172.602655  65.249072   -51.337   -56.582  5 57540.56348416 21.522
 292 172.603858  65.248458    10.823    10.801  5 57550.47913111 52.215
 293 172.605459  65.248739    10.554    10.096  5 57560.39477679 31.015
 294 172.604667  65.249701     8.361     8.132  4 57570.31042181 45.182
 295 172.605074  65.250810    11.920    12.063  4 57580.22606673 27.001
 296 172.606827  65.251425     8.371     8.367  4 57590.14171005 32.531
 297 172.606805  65.251245    13.041    13.235  5 57600.05735041 25.602
