-127475.460    45.315     0.00    4.19
-127188.187    44.700    -2.14    4.02
-126900.903    44.458    -0.84    4.14
-126613.609    44.261    -0.68    4.41
-126326.305    43.992    -0.94    4.82
-126038.991    43.258    -2.55    4.66
-125751.666    43.093    -0.57    4.86
-125464.331    43.203     0.38    4.39
-125176.985    43.040    -0.57    3.87
-124889.630    42.486    -1.93    3.83
-124602.264    41.499    -3.43    4.13
-124314.888    40.090    -4.90    4.24
-124027.501    38.707    -4.81    4.53
-123740.104    37.508    -4.17    4.57
-123452.697    36.186    -4.60    3.69
-123165.280    35.411    -2.70    3.13
-122877.852    34.939    -1.64    2.75
-122590.414    34.813    -0.44    2.36
-122302.965    34.851     0.13    2.11
-122015.507    34.726    -0.43    2.26
-121728.038    34.717    -0.03    2.39
-121440.558    35.008     1.01    2.58
-121153.069    35.462     1.58    2.36
-120865.569    35.354    -0.38    2.32
-120578.059    34.848    -1.76    2.46
-120290.538    33.970    -3.05    2.93
-120003.234    32.400    -5.47    3.81
-119717.817    30.588    -6.35    4.23
-119432.390    28.855    -6.07    3.74
-119146.954    27.392    -5.12    3.41
-118861.509    26.037    -4.75    3.18
-118576.054    24.819    -4.27    3.07
-118290.590    23.151    -5.84    3.49
-118005.117    21.529    -5.68    3.72
-117719.634    20.090    -5.04    3.69
-117434.142    18.808    -4.49    3.59
-117148.640    17.722    -3.80    3.46
-116863.129    16.820    -3.16    3.29
-116577.609    15.706    -3.90    3.12
-116292.079    15.040    -2.33    3.08
-116006.540    14.472    -1.99    2.93
-115720.992    13.759    -2.50    2.31
-115435.434    13.726    -0.11    2.35
-115149.866    13.824     0.34    2.47
-114864.290    14.166     1.20    2.60
-114578.704    14.572     1.42    2.39
-114293.108    15.120     1.92    2.17
-114007.504    15.298     0.62    2.17
-113721.889    15.047    -0.88    2.62
-113436.266    14.595    -1.58    2.87
-113150.633    14.220    -1.31    2.73
-112864.990    13.550    -2.35    2.83
-112579.339    12.678    -3.05    2.78
-112293.678    12.105    -2.01    2.77
-112008.007    11.651    -1.59    2.53
-111722.327    11.179    -1.65    2.41
-111436.638    10.594    -2.05    2.28
-111150.939     9.886    -2.48    2.03
-110865.231     9.260    -2.19    2.20
-110579.513     8.345    -3.20    2.85
-110293.786     7.433    -3.19    3.36
-110008.050     6.738    -2.43    3.39
-109722.304     5.709    -3.60    3.10
-109436.549     4.670    -3.64    2.56
-109150.785     4.120    -1.92    2.06
-108865.011     3.793    -1.14    1.93
-108579.227     3.122    -2.35    1.98
-108293.435     2.766    -1.24    1.88
-108007.632     2.761    -0.02    1.95
-107721.821     2.917     0.55    2.24
-107436.000     3.119     0.71    2.57
-107150.169     3.171     0.18    2.84
-106864.329     2.978    -0.68    3.02
-106578.480     2.912    -0.23    3.33
-106292.621     2.723    -0.66    3.61
-106006.753     2.415    -1.08    3.53
-105720.876     2.093    -1.12    3.19
-105434.989     2.066    -0.10    2.72
-105149.092     1.896    -0.59    2.52
-104863.187     1.679    -0.76    2.20
-104577.271     1.492    -0.66    1.97
-104291.347     1.054    -1.53    2.09
-104005.413     0.941    -0.40    2.14
-103719.469     0.507    -1.52    1.98
-103433.516    -0.072    -2.02    1.54
-103147.554    -0.523    -1.58    1.59
-102861.582    -1.015    -1.72    1.86
-102575.601    -1.615    -2.10    2.12
-102289.610    -2.478    -3.02    2.25
-102003.610    -3.342    -3.02    2.13
-101717.600    -3.982    -2.24    1.98
-101431.581    -4.252    -0.94    2.11
-101145.553    -4.185     0.23    2.09
-100859.515    -3.740     1.56    2.40
-100573.468    -3.152     2.05    2.74
-100287.411    -2.648     1.76    2.84
-100001.345    -2.337     1.09    2.97
 -99715.269    -1.807     1.85    3.02
 -99429.184    -1.542     0.92    2.79
 -99143.089    -1.515     0.09    2.51
 -98856.985    -1.464     0.18    2.10
 -98570.872    -1.384     0.28    1.87
 -98284.749    -1.456    -0.25    1.81
 -97998.616    -1.757    -1.05    1.90
 -97712.475    -1.655     0.36    1.79
 -97426.323    -1.675    -0.07    1.94
 -97140.163    -1.665     0.04    1.93
 -96853.992    -1.628     0.13    2.03
 -96567.813    -1.638    -0.03    2.01
 -96281.624    -1.580     0.20    2.10
 -95995.425    -1.508     0.25    1.96
 -95709.217    -1.449     0.20    1.73
 -95422.999    -1.595    -0.51    1.93
 -95136.772    -1.964    -1.29    1.86
 -94850.536    -2.478    -1.80    1.99
 -94564.290    -3.105    -2.19    2.39
 -94278.035    -3.761    -2.29    2.66
 -93991.770    -4.499    -2.58    2.75
 -93705.495    -5.062    -1.97    2.65
 -93419.212    -5.754    -2.41    2.04
 -93132.918    -6.335    -2.03    1.36
 -92846.616    -6.626    -1.02    1.11
 -92560.303    -6.847    -0.77    0.90
 -92273.982    -6.850    -0.01    0.84
 -91987.651    -6.782     0.24    0.85
 -91701.310    -6.699     0.29    0.92
 -91414.960    -6.643     0.20    0.87
 -91128.600    -6.646    -0.01    0.80
 -90842.231    -6.680    -0.12    0.81
 -90555.852    -6.777    -0.34    0.82
 -90269.464    -6.818    -0.15    0.80
 -89983.067    -6.985    -0.58    0.61
 -89696.660    -6.993    -0.03    0.59
 -89410.243    -6.889     0.36    0.85
 -89123.817    -6.784     0.37    0.98
 -88837.381    -6.732     0.18    1.00
 -88550.936    -6.753    -0.07    0.98
 -88264.482    -6.797    -0.15    0.94
 -87978.018    -6.828    -0.11    0.90
 -87691.544    -6.872    -0.15    0.87
 -87405.061    -6.982    -0.38    0.68
 -87118.569    -7.049    -0.24    0.52
 -86832.067    -7.033     0.06    0.50
 -86545.555    -6.993     0.14    0.50
 -86259.034    -7.028    -0.12    0.50
 -85972.504    -7.026     0.01    0.53
 -85685.964    -7.022     0.02    0.53
 -85399.414    -6.957     0.23    0.53
 -85112.855    -6.881     0.26    0.52
 -84826.286    -6.871     0.04    0.52
 -84539.708    -6.881    -0.04    0.49
 -84253.121    -6.935    -0.19    0.50
 -83966.524    -7.014    -0.28    0.50
 -83679.917    -7.080    -0.23    0.49
 -83393.301    -7.089    -0.03    0.49
 -83106.675    -7.091    -0.01    0.49
 -82820.040    -7.065     0.09    0.49
 -82533.395    -7.058     0.03    0.49
 -82246.741    -7.042     0.05    0.50
 -81960.077    -7.049    -0.02    0.50
 -81673.404    -7.104    -0.19    0.48
 -81386.721    -7.179    -0.26    0.46
 -81100.029    -7.240    -0.21    0.42
 -80813.327    -7.246    -0.02    0.42
 -80526.616    -7.219     0.09    0.44
 -80239.895    -7.201     0.06    0.45
 -79953.165    -7.140     0.21    0.47
 -79666.425    -7.064     0.27    0.49
 -79379.675    -6.878     0.65    0.95
 -79092.916    -5.536     4.68    3.90
 -78806.148    -3.369     7.56    5.89
 -78519.370    -1.301     7.21    6.70
 -78232.582     1.234     8.84    6.68
 -77945.785     3.359     7.41    5.75
 -77658.978     5.205     6.44    3.87
 -77372.162     6.181     3.40    1.97
 -77085.336     5.904    -0.97    1.76
 -76798.501     5.392    -1.78    1.64
 -76511.656     5.011    -1.33    1.50
 -76224.801     4.702    -1.08    1.37
 -75937.937     4.449    -0.88    1.24
 -75651.064     4.238    -0.74    1.10
 -75364.181     4.227    -0.04    1.04
 -75077.288     4.201    -0.09    0.92
 -74790.386     4.169    -0.11    1.12
 -74503.474     3.729    -1.53    1.63
 -74216.553     3.299    -1.50    1.71
 -73929.622     2.915    -1.34    1.75
 -73642.682     2.443    -1.64    1.71
 -73355.732     2.254    -0.66    1.55
 -73068.772     2.263     0.03    1.52
 -72781.803     2.352     0.31    1.50
 -72494.825     2.611     0.90    1.57
 -72207.837     2.715     0.36    1.62
 -71920.839     2.691    -0.08    1.68
 -71633.831     2.816     0.44    1.68
 -71346.815     2.943     0.44    1.69
 -71059.788     3.174     0.80    1.65
 -70772.752     3.343     0.59    1.57
 -70485.707     3.326    -0.06    1.45
 -70198.651     3.135    -0.67    1.35
 -69911.587     2.882    -0.88    1.31
 -69624.512     2.689    -0.67    1.22
 -69337.428     2.811     0.43    1.24
 -69050.335     3.162     1.22    1.42
 -68763.232     3.411     0.87    1.69
 -68476.119     3.579     0.59    2.01
 -68188.997     3.986     1.42    2.29
 -67901.865     4.367     1.33    2.53
 -67614.724     4.529     0.56    2.78
 -67327.573     4.493    -0.13    2.81
 -67040.412     4.566     0.26    2.70
 -66753.242     4.638     0.25    2.49
 -66466.063     4.870     0.81    2.13
 -66178.873     4.434    -1.52    2.52
 -65891.674     3.959    -1.66    2.92
 -65604.466     3.447    -1.78    2.87
 -65317.248     2.958    -1.70    2.79
 -65030.020     2.378    -2.02    2.63
 -64742.783     1.799    -2.02    2.35
 -64455.536     1.367    -1.50    2.14
 -64168.280     0.943    -1.48    2.01
 -63881.014     0.514    -1.49    1.91
 -63593.738    -0.060    -2.00    1.82
 -63306.453    -0.529    -1.64    1.59
 -63019.158    -0.667    -0.48    1.43
 -62731.853    -0.622     0.16    1.52
 -62444.539    -0.368     0.88    1.69
 -62157.216    -0.046     1.12    1.78
 -61869.882     0.181     0.79    1.77
 -61582.539     0.442     0.91    1.74
 -61295.187     0.658     0.75    1.72
 -61007.825     1.036     1.32    1.65
 -60720.453     1.279     0.84    1.54
 -60433.072     1.494     0.75    1.40
 -60145.681     1.667     0.60    1.29
 -59858.280     1.713     0.16    1.23
 -59570.870     1.684    -0.10    1.16
 -59283.450     1.507    -0.62    1.08
 -58996.021     1.487    -0.07    1.02
 -58708.582     1.434    -0.18    1.04
 -58421.133     1.544     0.38    1.25
 -58133.988     1.972     1.49    1.95
 -57848.499     2.292     1.12    2.38
 -57563.001     2.654     1.27    2.75
 -57277.494     3.380     2.54    3.35
 -56991.979     4.085     2.47    3.71
 -56706.455     4.699     2.15    3.85
 -56420.922     5.607     3.18    4.06
 -56135.381     6.610     3.51    4.03
 -55849.831     7.405     2.78    4.03
 -55564.272     8.827     4.98    4.07
 -55278.704    10.136     4.59    3.31
 -54993.128    10.945     2.83    2.96
 -54707.543    11.705     2.66    2.57
 -54421.950    12.384     2.38    2.03
 -54136.347    12.580     0.69    1.63
 -53850.736    12.824     0.86    1.37
 -53565.117    12.956     0.46    1.40
 -53279.488    13.007     0.18    1.47
 -52993.851    12.930    -0.27    1.47
 -52708.205    12.923    -0.03    1.47
 -52422.551    13.101     0.62    1.51
 -52136.887    13.193     0.33    1.45
 -51851.215    13.233     0.14    1.49
 -51565.534    13.171    -0.21    1.55
 -51279.845    12.976    -0.68    1.58
 -50994.147    12.670    -1.07    1.61
 -50708.440    12.236    -1.52    1.92
 -50422.724    11.843    -1.37    2.03
 -50137.000    11.493    -1.23    2.01
 -49851.267    11.160    -1.17    2.13
 -49565.525    10.982    -0.62    2.38
 -49279.775    10.757    -0.79    2.46
 -48994.016    10.643    -0.40    2.36
 -48708.248    10.451    -0.67    2.07
 -48422.471    10.244    -0.72    1.92
 -48136.686    10.160    -0.29    1.77
 -47850.891     9.965    -0.68    1.61
 -47565.089     9.788    -0.62    1.59
 -47279.277     9.452    -1.18    1.76
 -46993.457     9.256    -0.69    1.83
 -46707.628     8.978    -0.97    1.96
 -46421.790     8.743    -0.82    2.01
 -46135.943     8.508    -0.82    2.02
 -45850.088     8.343    -0.58    1.97
 -45564.224     8.368     0.09    1.86
 -45278.351     8.354    -0.05    1.81
 -44992.470     8.447     0.33    1.72
 -44706.580     8.745     1.04    1.87
 -44420.681     8.910     0.58    1.98
 -44134.773     9.142     0.81    2.21
 -43848.857     9.816     2.36    2.66
 -43562.932    10.332     1.81    2.90
 -43276.998    10.803     1.65    3.11
 -42991.055    11.865     3.71    3.82
 -42705.104    12.911     3.66    3.94
 -42419.144    13.689     2.72    3.78
 -42133.175    14.853     4.07    3.45
 -41847.197    15.959     3.87    2.64
 -41561.211    16.588     2.20    2.37
 -41275.215    16.973     1.34    2.07
 -40989.212    17.347     1.31    1.70
 -40703.199    17.492     0.51    1.62
 -40417.177    17.393    -0.35    1.71
 -40131.147    17.410     0.06    1.90
 -39845.108    17.301    -0.38    2.09
 -39559.061    17.184    -0.41    2.28
 -39273.004    16.986    -0.69    2.33
 -38986.939    16.956    -0.11    2.47
 -38700.865    16.702    -0.89    2.67
 -38414.782    16.161    -1.89    2.33
 -38128.691    15.855    -1.07    2.13
 -37842.591    15.543    -1.09    1.92
 -37556.482    15.261    -0.99    1.69
 -37270.364    15.245    -0.05    1.67
 -36984.237    15.086    -0.56    1.59
 -36698.102    14.803    -0.99    1.33
 -36411.958    14.717    -0.30    1.31
 -36125.805    14.543    -0.61    1.35
 -35839.643    14.279    -0.92    1.41
 -35553.473    14.008    -0.95    1.69
 -35267.294    13.728    -0.98    1.98
 -34981.106    13.397    -1.16    2.03
 -34694.909    13.155    -0.84    2.01
 -34408.704    12.940    -0.75    2.06
 -34122.489    12.492    -1.57    2.07
 -33836.266    12.247    -0.85    1.89
 -33550.034    12.033    -0.75    1.73
 -33263.794    11.806    -0.79    1.61
 -32977.544    11.745    -0.22    1.43
 -32691.286    12.004     0.91    1.57
 -32405.019    12.625     2.17    2.60
 -32118.744    13.615     3.46    4.04
 -31832.459    14.022     1.42    4.11
 -31546.166    14.087     0.23    4.03
 -31259.864    13.774    -1.09    3.54
 -30973.553    13.215    -1.95    2.34
 -30687.233    12.860    -1.24    1.61
 -30400.904    12.715    -0.51    1.38
 -30114.567    12.804     0.31    1.31
 -29828.221    12.739    -0.23    1.29
 -29541.866    13.082     1.20    2.23
 -29255.503    13.167     0.30    2.14
 -28969.130    12.966    -0.70    1.79
 -28682.749    13.233     0.93    2.81
 -28396.359    12.697    -1.87    2.59
 -28109.960    11.933    -2.67    2.25
 -27823.552    11.367    -1.98    2.42
 -27537.136    10.843    -1.83    2.90
 -27250.711    10.144    -2.44    3.14
 -26964.277    10.726     2.03    5.47
 -26677.834    11.812     3.79    7.93
 -26391.382    13.259     5.05   10.68
 -26104.922    17.308    14.13   14.41
 -25818.452    22.988    19.83   17.01
 -25531.974    30.493    26.19   20.21
 -25245.487    40.099    33.53   22.54
 -24958.992    50.623    36.74   22.86
 -24672.487    60.673    35.08   22.19
 -24385.974    72.802    42.33   20.85
 -24099.451    84.316    40.18   19.86
 -23812.921    93.829    33.20   17.18
 -23526.381   101.382    26.36   13.87
 -23239.832   107.748    22.22    9.88
 -22953.275   111.579    13.37    6.29
 -22666.708   114.089     8.76    3.83
 -22380.133   115.218     3.94    2.89
 -22093.549   115.975     2.64    2.47
 -21806.957   116.643     2.33    2.17
 -21520.355   116.831     0.65    2.50
 -21233.745   115.182    -5.75    5.75
 -20947.126   110.784   -15.34   11.18
 -20660.498   104.235   -22.85   16.27
 -20373.861    95.860   -29.22   19.00
 -20087.215    87.210   -30.18   18.65
 -19800.561    79.095   -28.31   15.61
 -19513.897    73.343   -20.06   10.78
 -19227.225    70.251   -10.79    7.55
 -18940.544    69.062    -4.14    7.58
 -18653.854    70.036     3.40    8.67
 -18367.156    70.109     0.25   10.35
 -18080.448    67.996    -7.37   13.18
 -17793.732    63.846   -14.47   16.47
 -17507.007    57.051   -23.70   18.51
 -17220.273    49.566   -26.10   19.37
 -16933.530    42.196   -25.70   18.45
 -16646.778    34.463   -26.97   16.96
 -16360.018    28.713   -20.05   14.02
 -16073.248    24.772   -13.74   11.55
 -15786.470    22.000    -9.67    6.96
 -15499.683    23.281     4.47    8.68
 -15212.887    26.683    11.86   11.85
 -14926.082    32.617    20.69   14.99
 -14639.269    38.941    22.05   16.22
 -14352.446    45.679    23.49   15.54
 -14065.615    51.114    18.95   12.90
 -13778.775    52.162     3.65   12.00
 -13491.926    51.404    -2.64   14.07
 -13205.068    47.381   -14.02   17.06
 -12918.201    41.802   -19.45   17.90
 -12631.325    35.946   -20.41   16.92
 -12344.441    31.223   -16.46   15.50
 -12057.548    26.464   -16.59   16.23
 -11770.646    23.564   -10.11   16.63
 -11483.735    20.855    -9.44   17.26
 -11196.815    17.679   -11.07   17.49
 -10909.886    13.905   -13.15   16.82
 -10622.948    10.139   -13.12   15.09
 -10336.002     6.896   -11.30   12.66
 -10049.047     4.336    -8.92   10.30
  -9762.082     1.867    -8.60    7.64
  -9475.109     0.233    -5.69    4.92
  -9188.127    -0.982    -4.23    1.91
  -8901.136    -1.309    -1.14    0.88
  -8614.137    -1.471    -0.56    0.00
  -8327.128    -1.471     0.00    0.00
  -8040.111    -1.471     0.00    0.00
  -7753.085    -1.471     0.00    0.00
  -7466.049    -1.471     0.00    0.00
  -7179.005    -1.471     0.00    0.00
  -6891.952    -1.471     0.00    0.00
  -6604.891    -1.471     0.00    0.00
  -6317.820    -1.471     0.00    0.00
  -6030.740    -1.284     0.65    0.90
  -5743.652    -1.159     0.43    1.13
  -5456.554    -1.089     0.25    1.20
  -5169.448    -0.842     0.86    1.51
  -4882.333    -0.383     1.60    2.47
  -4595.209     0.081     1.62    3.24
  -4308.076     0.679     2.08    3.65
  -4020.935     1.161     1.68    3.88
  -3733.784     1.331     0.59    3.92
  -3446.624     1.389     0.20    3.72
  -3159.456     1.420     0.11    3.54
  -2872.279     1.296    -0.43    3.17
  -2585.092     1.565     0.94    3.15
  -2297.897     1.877     1.09    3.12
  -2010.693     2.249     1.29    3.23
  -1723.480     2.844     2.07    3.64
  -1436.259     3.348     1.76    4.08
  -1149.028     3.437     0.31    4.15
   -861.788     3.315    -0.43    4.20
   -574.540     3.000    -1.10    4.18
   -287.282     2.135    -3.01    3.98
     -0.016     1.308    -2.88    3.53
    287.259     0.652    -2.28    2.55
    574.543     0.684     0.11    2.17
    861.836     1.015     1.15    2.38
   1149.138     2.139     3.91    3.52
   1436.449     3.905     6.15    5.39
   1723.769     6.551     9.21    7.81
   2011.097    10.080    12.28    9.96
   2298.435    13.156    10.71   10.92
   2585.782    16.851    12.86   10.90
   2873.137    20.500    12.70    9.98
   3160.501    22.515     7.01    8.78
   3447.874    23.543     3.58    8.02
   3734.874    23.116    -1.49    7.93
   4020.437    20.945    -7.60    8.29
   4306.007    18.243    -9.46    8.64
   4591.586    15.433    -9.84    8.21
   4877.173    12.615    -9.87    7.21
   5162.767    10.827    -6.26    5.86
   5448.370     9.710    -3.91    5.35
   5733.980     8.922    -2.76    4.99
   6019.599     7.982    -3.29    4.72
   6305.226     6.573    -4.94    3.70
   6590.860     5.732    -2.94    3.20
   6876.503     5.015    -2.51    3.18
   7162.154     4.196    -2.87    2.97
   7447.813     3.894    -1.06    3.33
   7733.479     3.607    -1.00    4.07
   8019.154     4.080     1.65    5.40
   8304.837     5.161     3.79    7.67
   8590.528     7.089     6.75   10.66
   8876.227     9.266     7.62   13.49
   9161.934    13.203    13.78   17.10
   9447.648    17.367    14.57   20.15
   9733.371    20.912    12.41   21.41
  10019.102    24.669    13.15   21.37
  10304.841    29.571    17.16   23.15
  10590.589    34.158    16.05   23.36
  10876.344    38.116    13.85   20.71
  11162.107    44.846    23.55   20.77
  11447.878    52.543    26.94   22.22
  11733.657    61.161    30.16   24.89
  12019.444    73.191    42.09   28.24
  12305.240    84.973    41.23   30.55
  12591.043    95.884    38.18   30.79
  12876.854   108.116    42.80   29.79
  13162.674   113.851    20.06   30.59
  13448.501   120.829    24.42   32.32
  13734.337   126.022    18.17   34.24
  14020.180   127.297     4.46   37.95
  14306.032   128.615     4.61   40.06
  14591.891   129.500     3.09   40.37
  14877.759   129.333    -0.58   43.45
  15163.635   127.905    -5.00   44.23
  15449.519   126.215    -5.91   42.23
  15735.410   128.086     6.54   43.44
  16021.310   129.133     3.66   43.43
  16307.218   129.000    -0.47   40.39
  16593.134   133.956    17.33   40.40
  16879.058   134.071     0.40   41.74
  17164.990   134.757     2.40   40.95
  17450.930   133.941    -2.85   40.88
  17736.879   129.085   -16.98   42.16
  18022.835   122.680   -22.40   41.40
  18308.799   113.015   -33.80   39.41
  18594.771   100.040   -45.37   36.15
  18880.752    85.265   -51.66   34.96
  19166.740    69.845   -53.92   32.48
  19452.737    58.311   -40.33   26.25
  19738.741    48.359   -34.80   18.10
  20024.754    42.812   -19.39   13.10
  20310.775    41.494    -4.61   12.16
  20596.804    42.522     3.59   13.03
  20882.840    44.710     7.65   12.72
  21168.885    46.651     6.79   12.24
  21454.938    49.226     9.00   13.17
  21740.999    52.015     9.75   13.92
  22027.069    53.142     3.94   14.69
  22313.146    56.078    10.26   16.71
  22599.231    58.903     9.87   17.91
  22885.324    62.967    14.20   19.08
  23171.426    69.891    24.20   22.03
  23457.535    77.717    27.36   25.26
  23743.653    86.993    32.42   27.56
  24029.778    97.909    38.15   29.25
  24315.912   112.839    52.18   32.35
  24602.054   129.367    57.76   34.16
  24888.204   146.129    58.58   39.10
  25174.362   164.578    64.47   44.64
  25460.528   187.631    80.56   52.15
  25746.702   212.790    87.92   58.34
  26032.884   236.820    83.97   60.82
  26319.074   264.588    97.03   56.31
  26605.272   278.257    47.76   48.56
  26891.479   280.466     7.72   48.56
  27177.693   271.786   -30.32   61.32
  27463.916   248.899   -79.97   75.79
  27750.147   221.438   -95.94   78.20
  28036.385   193.997   -95.87   71.28
  28322.632   168.235   -90.00   59.04
  28608.887   148.122   -70.26   49.64
  28895.150   135.515   -44.04   46.61
  29181.421   129.029   -22.66   45.94
  29467.700   121.351   -26.82   46.06
  29753.988   115.550   -20.26   44.07
  30040.283   106.661   -31.05   40.41
  30326.587    95.286   -39.73   41.00
  30612.898    84.943   -36.12   43.20
  30899.218    75.581   -32.70   43.86
  31185.546    61.036   -50.80   40.95
  31471.881    47.074   -48.76   33.04
  31758.225    34.617   -43.50   19.35
  32044.578    26.982   -26.67   12.48
  32330.938    22.351   -16.17    8.43
  32617.306    19.014   -11.65    7.34
  32903.682    15.720   -11.50    7.69
  33190.067    12.480   -11.31    7.81
  33476.459     9.781    -9.43    7.58
  33762.860     6.522   -11.38    6.88
  34049.269     4.125    -8.37    5.55
  34335.686     2.372    -6.12    4.40
  34622.111     1.463    -3.17    3.76
  34908.544     1.011    -1.58    3.10
  35194.985     1.115     0.36    3.47
  35481.434     0.993    -0.43    4.07
  35767.892     1.240     0.86    4.50
  36054.357     1.759     1.81    5.56
  36340.831     2.036     0.97    6.09
  36627.313     2.826     2.76    6.76
  36913.803     3.578     2.63    7.37
  37200.301     3.971     1.37    7.62
  37486.807     5.157     4.14    7.96
  37773.321     5.614     1.59    7.97
  38059.843     6.105     1.71    7.79
  38346.374     6.399     1.03    7.90
  38632.912     5.622    -2.71    8.14
  38919.459     4.069    -5.42    7.72
  39206.014     2.297    -6.18    6.67
  39492.577     0.586    -5.97    5.30
  39779.148    -0.890    -5.15    3.59
  40065.727    -2.000    -3.87    1.30
  40352.315    -2.299    -1.04    0.48
  40638.910    -2.322    -0.08    0.45
  40925.514    -2.326    -0.01    0.44
  41212.125    -2.333    -0.03    0.44
  41498.745    -2.346    -0.04    0.42
  41785.373    -2.376    -0.11    0.34
  42072.009    -2.399    -0.08    0.31
  42358.653    -2.385     0.05    0.42
  42645.306    -2.368     0.06    0.46
  42931.966    -2.318     0.18    0.57
  43218.635    -2.299     0.07    0.58
  43505.312    -2.291     0.03    0.59
  43791.997    -2.267     0.09    0.63
  44078.690    -2.334    -0.24    0.50
  44365.391    -2.335    -0.00    0.50
  44652.100    -2.287     0.17    0.57
  44938.818    -2.223     0.22    0.60
  45225.543    -2.140     0.29    0.72
  45512.277    -2.014     0.44    0.86
  45799.019    -1.953     0.21    0.94
  46085.769    -1.783     0.59    1.06
  46372.527    -1.442     1.19    1.27
  46659.293    -1.038     1.41    1.48
  46946.068    -0.686     1.23    1.57
  47232.850    -0.413     0.95    1.70
  47519.641    -0.268     0.51    1.75
  47806.440     0.015     0.99    1.91
  48093.247     0.325     1.08    1.80
  48380.062     0.558     0.82    1.71
  48666.886     1.129     1.99    2.08
  48953.717     1.971     2.94    2.67
  49240.557     3.181     4.22    3.14
  49527.405     4.308     3.93    3.30
  49814.261     5.487     4.11    3.42
  50101.125     6.617     3.94    3.04
  50387.997     7.747     3.94    2.96
  50674.877     8.713     3.37    2.83
  50961.766     9.588     3.05    2.69
  51248.663    10.311     2.52    2.86
  51535.568    10.557     0.86    3.09
  51822.481    11.065     1.77    3.11
  52109.402    11.593     1.84    3.19
  52396.331    12.472     3.06    3.11
  52683.269    13.044     1.99    3.74
  52970.215    14.055     3.52    4.26
  53257.168    14.886     2.90    4.78
  53544.130    15.739     2.97    4.88
  53831.101    17.160     4.95    4.31
  54118.079    18.867     5.95    3.33
  54405.066    19.910     3.64    2.82
  54692.060    19.986     0.26    2.76
  54979.063    19.795    -0.66    3.21
  55266.074    19.740    -0.19    3.25
  55553.094    19.746     0.02    3.20
  55840.121    19.298    -1.56    3.11
  56127.157    19.004    -1.02    3.02
  56414.200    18.826    -0.62    3.09
  56701.252    18.543    -0.99    2.86
  56988.312    18.089    -1.58    2.82
  57275.381    18.007    -0.29    3.08
  57562.457    18.686     2.37    3.66
  57849.542    20.132     5.04    5.21
  58136.635    21.884     6.10    5.99
  58423.736    23.342     5.08    6.57
  58710.845    25.302     6.83    7.19
  58997.962    27.865     8.93    7.96
  59285.088    30.653     9.71    8.96
  59572.222    34.487    13.35    9.55
  59859.364    39.261    16.63    9.31
  60146.514    43.507    14.79    8.97
  60433.672    47.480    13.84    7.90
  60720.838    51.118    12.67    6.83
  61008.013    54.602    12.13    6.34
  61295.196    57.125     8.78    6.43
  61582.387    59.788     9.27    6.35
  61869.586    63.022    11.26    6.67
  62156.794    66.810    13.19    7.38
  62444.009    70.325    12.24    7.83
  62731.233    73.595    11.38    7.56
  63018.465    76.834    11.28    7.52
  63305.706    80.572    13.01    7.62
  63592.954    84.433    13.44    7.29
  63880.211    87.841    11.86    6.85
  64167.475    90.668     9.84    6.18
  64454.749    92.819     7.49    5.63
  64742.030    94.573     6.11    4.42
  65029.319    95.564     3.45    5.01
  65316.617    96.653     3.79    7.04
  65603.486    97.290     2.22    9.65
  65889.119    98.607     4.61   12.22
  66174.759   100.452     6.46   13.33
  66460.407   102.316     6.53   13.65
  66746.063   104.422     7.37   14.20
  67031.725   106.767     8.21   14.60
  67317.395   107.676     3.18   14.89
