# NaN NaN NaN ;Mean Elev.(m), Avg Gradient(m/km), RMS Gradient(m/km) - SRTM1     
#   10.098  -0.587   6.207 ;Mean Elev.(m), Avg Gradient(m/km), RMS Gradient(m/km) - ASTER GDEM
#    1.274  -0.545   4.635 ;Mean Elev.(m), Avg Gradient(m/km), RMS Gradient(m/km) - GMTED2010 
   1 176.028872  64.893056    32.570    32.569  5 54662.14137512 14.683
   2 176.016009  64.894981     0.447     0.433 10 54672.05701895 33.972
   3 176.018898  64.895477     0.430     0.438 10 54681.97266288 31.939
   4 176.016609  64.896710     0.405     0.446 10 54691.88830511 31.342
   5 176.017618  64.896738     0.767     0.701 10 54701.80394535 19.957
   6 176.016369  64.895352     2.047     0.879 11 54711.71959300 24.292
   7 176.004459  64.895037     1.075     1.062  9 54721.63524305 33.480
   8 176.002304  64.893739     0.675     0.672  8 54731.55089145 22.078
   9 176.000013  64.893910     0.536     0.528  8 54741.46653808 33.706
  10 176.001459  64.894080     0.230     0.231  8 54751.38218494 42.299
  11 176.001879  64.894142     0.479     0.445  9 54761.29783151 39.817
  12 175.999390  64.893801     1.537     1.513  9 54771.21347544 43.879
  13 175.994925  64.893754     0.392     0.402  8 54781.12911604 29.555
  14 175.997047  64.893258     0.965     0.951  8 54791.04475473 29.338
  15 176.000349  64.893834     0.303     0.317  8 54800.96039239 22.197
  16 176.003811  64.894726     0.097     0.115  9 54810.87603010 23.758
  17 176.011639  64.894805     0.433     0.415  9 54820.79167102 19.982
  18 176.011450  64.894622    24.559    28.644  9 54830.70732329 16.023
  19 176.008986  64.894778    17.483    15.574  9 54840.62296182 15.599
  20 176.009936  64.895038     8.773     9.125 10 54850.53861088 15.309
  21 176.017447  64.894978     1.762     0.733 10 54860.45426010 15.839
  22 176.016808  64.895650     3.005     0.825 11 54870.36990862 15.210
  23 176.010855  64.895507     7.176     6.764 10 54880.28555540 14.245
  24 176.003509  64.894379     7.426     6.292  9 54890.20119893 14.154
  25 175.996393  64.893268    32.177    32.267  7 54900.11683943  6.696
  26 175.993489  64.893508    32.200    31.905  8 54910.03247815  7.254
  27 175.998299  64.894219    31.853    31.448  8 54919.94811635  7.859
  28 176.004184  64.894670    31.935    31.986  9 54929.86375429  7.401
  29 176.003640  64.894521    31.720    31.773  9 54939.77939064  6.872
  30 176.000732  64.893815    33.032    32.605  8 54949.69502518  6.743
  31 175.996826  64.893466    32.182    32.348  8 54959.61066340 10.198
  32 176.000257  64.893343     1.384     1.328  8 54969.52631230 42.024
  33 176.003369  64.894299     1.340     1.326  8 54979.44195990 39.377
  34 176.007149  64.894886     1.636     1.606  8 54989.35760742 47.210
  35 176.007335  64.894850     0.895     0.842  9 54999.27325468 38.646
  36 176.007758  64.894572    26.673    29.786  9 55009.18890020 19.044
  37 176.005897  64.894894     0.801     0.839  9 55019.10454374 30.731
  38 176.010480  64.895310    31.492    31.455  9 55029.02018655 20.672
  39 176.019399  64.895393    20.008    27.417 10 55038.93582925 20.332
  40 176.016889  64.896576    15.160    15.476 10 55048.85146960 22.176
  41 176.015587  64.895812     0.192     0.215 10 55058.76710813 37.236
  42 176.005769  64.894840     0.787     0.785  9 55068.68274637 38.087
  43 175.999015  64.893285     1.066     1.043  8 55078.59839577 27.144
  44 175.996220  64.893172     1.420     1.373  8 55088.51404317 23.299
  45 176.000223  64.893882     9.121     1.722  9 55098.42968965 21.576
  46 176.004825  64.894671     0.439     0.435  9 55108.34533566 38.781
  47 176.005204  64.894307     0.239     0.237  8 55118.26098039 52.624
  48 175.999873  64.893128    -0.121    -0.098  8 55128.17662230 45.162
  49 175.992968  64.892437     1.060     1.040  7 55138.09226192 32.703
  50 175.994203  64.892758     0.247     0.260  7 55148.00790063 25.739
  51 176.000010  64.894458     0.908     0.896  8 55157.92353913 33.050
  52 176.010334  64.895317     0.460     0.489 10 55167.83917794 28.042
  53 176.015636  64.895423     0.858     0.813 10 55177.75481573 30.633
  54 176.010526  64.895152    22.901    23.451  9 55187.67045960 13.973
  55 176.004520  64.895145    21.886    21.454  9 55197.58610992 15.886
  56 176.009865  64.894944    27.421    27.865 10 55207.50176019 14.292
  57 176.017155  64.895328    32.366    32.011 10 55217.41741001 11.514
  58 176.016373  64.895718    31.950    31.888 10 55227.33305840 11.076
  59 176.009560  64.895041    34.140    33.860  9 55237.24870356  9.962
  60 175.997623  64.893897    33.125    32.919  8 55247.16434481  9.786
  61 175.993910  64.892323    33.740    33.707  7 55257.07998434  9.640
  62 175.994399  64.892570    34.749    35.010  7 55266.99562322  9.051
  63 176.001985  64.893699    40.786    41.043  8 55276.91126212  7.551
  64 176.005043  64.895015    41.067    41.648  9 55286.82689951  7.495
  65 176.004621  64.895057    41.293    41.808  9 55296.74253442  6.949
  66 175.999154  64.893779    34.685    35.230  8 55306.65817484  7.897
  67 175.996217  64.892334    32.491    32.437  7 55316.57382145  8.099
  68 175.994741  64.892914     1.076     0.970  7 55326.48946672 16.113
  69 176.001845  64.894134     0.991     1.021  9 55336.40511165 31.538
  70 176.009693  64.895131     1.807     1.780 10 55346.32075619 45.589
  71 176.013142  64.895199    22.589    21.517 10 55356.23639910 24.433
  72 176.011852  64.894917    13.731    16.033  9 55366.15203960 23.560
  73 176.010167  64.894730     0.527     0.550  9 55376.06767859 35.278
  74 176.010789  64.895331     6.026     1.202 10 55385.98331680 19.393
  75 176.018499  64.895438     3.828     1.536 10 55395.89895482 19.827
  76 176.018409  64.896092     1.008     0.833 10 55405.81459562 21.295
  77 176.011788  64.895465     0.685     0.647 10 55415.73024645 28.567
  78 176.001762  64.894073     0.384     0.400  9 55425.64589377 40.018
  79 175.995986  64.892722     0.567     0.439  7 55435.56153877 39.723
  80 175.994961  64.892750    30.310    29.943  7 55445.47718271 19.641
  81 175.997765  64.893921    18.511    18.565  8 55455.39282607 25.604
  82 176.003568  64.894879    20.999    24.343  9 55465.30846899 22.671
  83 176.004507  64.894855     0.829     0.819  8 55475.22410863 34.357
  84 175.998925  64.894126     0.194     0.185  8 55485.13974467 40.917
  85 175.995796  64.893045     0.333     0.360  8 55495.05537888 37.687
  86 176.000258  64.893179     0.276     0.314  8 55504.97101286 33.248
  87 176.005461  64.894294     0.734     0.730  8 55514.88666367 31.493
  88 176.013820  64.895145     0.303     0.309 10 55524.80231405 22.797
  89 176.013690  64.895698    22.103    27.075 10 55534.71796179 16.365
  90 176.010489  64.895323    20.141    24.986  9 55544.63360733 15.408
  91 176.007106  64.895081    22.270    23.247  9 55554.54925092 17.000
  92 176.008728  64.895121    17.338    17.435  9 55564.46489392 17.015
  93 176.012715  64.895277    26.449    28.541  9 55574.38053651 14.454
  94 176.011407  64.895269    27.210    27.727  9 55584.29617712 14.492
  95 176.006827  64.894704    30.504    30.468  9 55594.21181407 12.643
  96 176.001625  64.893949    33.079    32.778  8 55604.12744766  9.885
  97 175.996871  64.894055    33.655    33.549  8 55614.04307920  9.209
  98 176.002840  64.893790    34.151    34.114  8 55623.95871780  8.939
  99 176.002163  64.894538    33.537    33.594  8 55633.87437042  8.700
 100 176.004740  64.894486    33.291    33.569  8 55643.79002114  8.858
 101 176.001697  64.894467    33.630    33.677  8 55653.70566849  8.832
 102 175.997481  64.893839    33.895    33.774  8 55663.62131134  8.118
 103 175.996477  64.893335    33.283    33.332  7 55673.53695146  8.386
 104 176.001160  64.893293    34.895    34.408  8 55683.45259050  8.753
 105 176.004975  64.894666    42.344    42.173  8 55693.36822800  4.863
 106 176.013082  64.895542     0.632     0.652 10 55703.28386442 27.540
 107 176.016490  64.895734    14.385    16.052 11 55713.19950916 33.797
 108 176.017249  64.895091    22.120    22.032 10 55723.11515853 25.065
 109 176.012238  64.895302     0.532     0.574  9 55733.03080536 28.405
 110 176.010993  64.895363    13.704    14.168 10 55742.94645132 18.948
 111 176.012080  64.895072    25.539    26.878  9 55752.86209617 19.377
 112 176.009730  64.894680    14.924    15.791  9 55762.77773844 20.529
 113 176.002898  64.894451     1.523     1.489  9 55772.69337748 43.476
 114 175.996504  64.894081     1.235     1.141  8 55782.60901306 44.450
 115 175.999536  64.893813     1.037     0.998  9 55792.52464688 30.006
 116 176.002284  64.894602     0.471     0.423  9 55802.44028112 34.738
 117 176.005669  64.894732     3.930     0.545  9 55812.35593134 31.974
 118 176.006142  64.894545    16.388    14.673  8 55822.27157965 23.434
 119 176.001013  64.894531    22.074    17.354  8 55832.18722265 21.404
 120 176.000650  64.893867    28.137    31.207  8 55842.10286168 20.954
 121 176.000365  64.894123     0.293     0.325  8 55852.01849762 40.441
 122 176.008160  64.894646    -0.115    -0.121  9 55861.93413219 34.007
 123 176.010804  64.895178     0.371     0.352  9 55871.84978685 26.511
 124 176.014339  64.895335     0.461     0.423  9 55881.76543705 19.125
 125 176.016408  64.895113     0.612     0.643 10 55891.68108056 18.467
 126 176.013282  64.895655     8.098     0.680 10 55901.59671776 18.295
 127 176.019053  64.895442    12.064    10.775 10 55911.51235216 15.182
 128 176.016735  64.895547    13.483     7.201 10 55921.42800643 15.127
 129 176.013442  64.895234    22.265    30.931  9 55931.34365800 14.375
 130 176.003428  64.894867    23.153    27.045  9 55941.25930493 12.619
 131 175.996929  64.893702    29.306    29.326  8 55951.17494775 12.293
 132 175.994926  64.893205    27.777    28.318  7 55961.09058715 12.078
 133 175.997254  64.893795    28.333    29.146  8 55971.00622468 11.320
 134 176.002958  64.894832    28.999    29.399  8 55980.92186135 10.767
 135 176.010427  64.894692    31.325    31.476  9 55990.83749713 10.122
 136 176.003501  64.894878    28.110    29.618  9 56000.75314176 10.218
 137 176.000809  64.893533    30.592    30.583  8 56010.66879210  9.618
 138 175.998312  64.893262    30.594    30.655  8 56020.58443843  8.540
 139 175.999637  64.893861    30.986    31.020  9 56030.50008205  7.677
 140 176.005809  64.894824    29.920    30.068  8 56040.41572407  7.750
 141 176.012651  64.895273    32.900    32.907 10 56050.33136404  8.556
 142 176.013933  64.895843    39.117    39.088 10 56060.24700081  6.329
 143 176.015899  64.895363     0.769     0.913 11 56070.16263735 28.556
 144 176.012978  64.895077     1.713     1.493 10 56080.07828798 36.725
 145 176.011059  64.895414    15.271    16.189 10 56089.99393600 24.458
 146 176.017872  64.895123     4.025     1.354 10 56099.90958240 25.786
 147 176.011328  64.895655     8.874    11.456 10 56109.82521350 24.445
 148 176.006061  64.894703     0.354     0.455  8 56119.74085334 32.682
 149 176.000425  64.893557    21.172    24.546  8 56129.65648948 18.217
 150 175.994884  64.893717    10.586    11.698  8 56139.57212233 21.625
 151 175.997376  64.894257    26.041    30.347  8 56149.48777225 18.700
 152 176.006416  64.894797     0.939     0.914  9 56159.40342204 33.270
 153 176.011276  64.894818    32.092    31.403  9 56169.31907015 19.649
 154 176.002469  64.894803    10.211     1.426  8 56179.23471364 23.006
 155 175.996729  64.893898    25.872    29.551  8 56189.15035324 22.291
 156 175.994812  64.893753     0.773     0.719  8 56199.06598998 27.389
 157 176.004180  64.894394     1.105     1.146  8 56208.98162503 46.673
 158 176.017793  64.895387     0.696     0.768 10 56218.89725874 42.371
 159 176.021923  64.896194     0.314     0.326 10 56228.81290586 43.333
 160 176.018178  64.895889     0.241     0.232 10 56238.72855946 41.894
 161 176.014322  64.894995     1.142     1.123 10 56248.64420919 35.853
 162 176.006756  64.895205     0.618     0.666  9 56258.55985358 31.064
 163 176.011415  64.895221     0.379     0.380  9 56268.47549603 29.792
 164 176.016030  64.895363     0.568     0.564 11 56278.39113675 24.768
 165 176.012919  64.895461    21.285    24.997 10 56288.30678570 18.127
 166 176.002910  64.894685    26.755    26.105  8 56298.22243366 15.423
 167 175.995763  64.893210    20.342    18.294  8 56308.13807801 15.279
 168 175.991723  64.892753    22.042    22.303  7 56318.05372001 13.508
 169 175.996858  64.893592    16.625    17.503  8 56327.96936152 13.707
 170 176.004862  64.894895    22.999    24.542  8 56337.88500231 13.263
 171 176.012531  64.895195    20.620    22.750 10 56347.80064131 12.904
 172 176.009330  64.894825    23.758    27.373  9 56357.71627664 11.712
 173 176.000491  64.893652    26.834    26.260  8 56367.63192525 11.043
 176 176.011310  64.895461    32.585    32.874 10 56397.37886335 10.411
 177 176.017200  64.896367    47.954    47.510 10 56407.29450493  6.494
 178 176.019796  64.895928    43.462    43.411 10 56417.21014246  4.588
 179 176.017084  64.895241     0.951     0.966 10 56427.12577484 37.362
 180 176.009475  64.894828     1.026     1.021  9 56437.04142615 39.136
 181 176.010213  64.894549     1.689     1.774  9 56446.95707783 43.139
 182 176.012176  64.895060    22.027    21.661 10 56456.87272732 27.479
 183 176.009408  64.895232     1.491     1.484  9 56466.78837323 41.659
 184 176.002759  64.894652    13.631    15.746  9 56476.70401484 24.816
 185 175.997310  64.893446    13.559    11.799  7 56486.61965294 19.053
 186 175.995436  64.893214     1.008     0.945  7 56496.53528855 31.283
 187 176.001627  64.893946    19.462    29.366  8 56506.45092338 19.183
 188 176.013119  64.895009     1.463     1.445  9 56516.36655880 21.280
 189 176.014845  64.895307    28.693    31.340 10 56526.28221341 21.526
 190 176.008772  64.895055    10.512    12.765  9 56536.19786323 22.129
 192 176.000774  64.893577    11.139     1.275  8 56556.02915309 22.250
 193 176.003544  64.894625    13.105    14.930  9 56565.94479601 19.896
 194 176.017753  64.895197     1.331     1.263 10 56575.86043869 40.478
 195 176.020394  64.896633     0.560     0.632 10 56585.77607706 42.793
 196 176.017763  64.896957     0.213     0.215 10 56595.69171454 31.033
 197 176.014122  64.895501     0.347     0.362 10 56605.60736680 24.395
 198 176.007859  64.894928     0.073     0.077  8 56615.52301389 22.421
 199 176.009311  64.894668     0.370     0.379  9 56625.43865799 20.609
 200 176.008212  64.895332     2.200     0.716  9 56635.35429901 18.274
 201 176.012672  64.895029     1.935     0.379  9 56645.26993788 16.246
 202 176.004586  64.894647     7.171     7.789  8 56655.18558974 15.041
 203 175.997183  64.893820    13.064    12.828  8 56665.10123742 14.015
 204 175.997291  64.893033    15.221    16.063  8 56675.01688315 13.245
 205 175.996928  64.894008    17.304    16.604  8 56684.93252767 11.251
 206 176.003559  64.894794    17.114    17.324  9 56694.84817084 12.441
 207 176.010505  64.895100    19.424    18.954 10 56704.76380961 12.640
 208 176.011434  64.894927    23.040    26.948  9 56714.67944242 12.029
 209 176.003579  64.894461    10.719    11.475  8 56724.59509312 10.272
 210 176.002766  64.893988    32.143    32.260  8 56734.51074315  7.618
 211 176.005708  64.894906    32.884    33.048  8 56744.42639003  7.391
 212 176.013742  64.895785    35.728    35.248 10 56754.34203308  6.507
 213 176.017676  64.896529    41.092    41.268 10 56764.25767027  6.942
 214 176.018374  64.896176    37.691    37.013 11 56774.17330602  5.826
 215 176.013442  64.895094    42.935    43.490 10 56784.08896277  8.130
 216 176.006194  64.894882    42.796    42.857  9 56794.00461563  5.862
 217 176.003797  64.894792     1.073     1.209  9 56803.92026569 39.109
 218 176.003785  64.894843     1.311     1.288  8 56813.83590851 44.577
 219 176.004116  64.894408     4.712     1.793  8 56823.75154790 31.512
 220 176.000131  64.894412     3.168     1.713  8 56833.66718279 23.468
 221 175.999276  64.894470     7.651     6.746  8 56843.58281451 24.599
 222 176.003856  64.894169     1.162     1.214  8 56853.49845719 44.367
 223 176.002515  64.894668     0.593     0.552  9 56863.41411092 24.270
 224 176.005589  64.894599     0.986     0.890  9 56873.32976450 26.789
 225 176.004928  64.894609     1.533     1.607  9 56883.24541459 48.974
 226 176.001916  64.894710    26.834    26.135  8 56893.16106104 18.937
 227 176.003199  64.894255     0.596     0.764  8 56903.07670478 32.028
 228 176.004195  64.894804    26.739    30.005  8 56912.99234650 19.812
 229 176.010023  64.895284     0.265     0.294  9 56922.90798705 37.661
 230 176.017244  64.895719     0.808     0.822 11 56932.82362536 28.656
 231 176.017898  64.896321    24.962    28.544 10 56942.73925780 22.897
 232 176.016954  64.895720     0.677     0.700 11 56952.65490233 45.248
 233 176.012972  64.894956     0.927     0.907  9 56962.57055274 37.188
 234 176.010346  64.894851     3.546     1.224  9 56972.48619832 18.235
 235 176.009624  64.895164    15.051    13.589 10 56982.40183981 20.615
 236 176.011218  64.895021    30.455    30.440  9 56992.31747696 16.312
 237 176.009748  64.894631    24.278    25.662  9 57002.23311082 17.294
 238 175.999155  64.894346    22.110    20.830  8 57012.14876698 15.903
 239 175.996555  64.893930    29.414    29.962  8 57022.06441822 14.375
 240 176.000660  64.894214    35.881    35.735  8 57031.98006729  9.777
 241 176.003898  64.894891    36.014    35.537  9 57041.89571424  9.750
 242 176.008297  64.894852    38.914    38.014  9 57051.81135923  9.120
 243 176.005548  64.894844    37.695    37.768  8 57061.72699929  9.019
 244 176.004412  64.894796    37.818    38.033  8 57071.64263406  9.923
 245 176.010863  64.894772    39.777    39.668  9 57081.55826531  8.647
 246 176.016526  64.895458    42.409    43.210 11 57091.47390951  8.361
 247 176.020845  64.895877    43.312    43.237 10 57101.38956729  8.102
 248 176.019925  64.896051    43.282    43.894 10 57111.30522128  7.514
 249 176.016234  64.895403    41.081    40.592 11 57121.22086932  6.937
 250 176.007056  64.895186    40.885    41.066  9 57131.13651116  6.730
 251 176.009242  64.894655    39.919    39.765  9 57141.05214896  7.218
 252 176.014535  64.894999    41.932    42.443 10 57150.96778369  8.058
 253 176.016860  64.895828    43.222    44.552 11 57160.88341493  2.684
 254 176.015149  64.894943     1.030     0.970 10 57170.79906964 42.086
 255 176.003384  64.894400     2.071     2.000  8 57180.71472374 36.608
 256 175.998176  64.893332     1.557     1.372  8 57190.63037451 39.735
 257 175.995993  64.893726    10.872    11.958  8 57200.54602210 21.394
 258 176.003322  64.894270     1.286     1.366  9 57210.46165683 22.366
 259 176.011601  64.894715     0.677     0.673  9 57220.37730143 24.641
 260 176.010621  64.895064     0.464     0.564  9 57230.29294405 46.946
 261 176.005451  64.895202     0.328     0.294  9 57240.20858397 32.623
 262 176.004428  64.894841     0.961     0.859  8 57250.12422152 46.292
 263 176.011913  64.894798    31.931    32.400  9 57260.03985764 16.646
 264 176.016834  64.896232    32.259    31.992 10 57269.95549217 17.119
 265 176.019752  64.897200    17.922    17.583 10 57279.87114521 21.068
 266 176.022248  64.896531     0.125     0.132 10 57289.78680110 31.015
 267 176.016044  64.895567    23.154    25.578 10 57299.70245330 21.540
 268 176.004617  64.894885     0.889     0.769  8 57309.61810133 42.264
 269 176.001274  64.894403     1.027     0.999  8 57319.53374658 38.890
 270 176.003643  64.894747     8.353     0.678  9 57329.44938934 27.269
 271 176.013112  64.894945     7.050     7.689 10 57339.36503055 21.405
 272 176.009236  64.895087     3.048     0.392  9 57349.28067948 19.374
 273 176.002261  64.894149     2.422     0.580  8 57359.19632457 18.363
 274 175.994255  64.893235    25.640    25.745  8 57369.11196638 13.723
 275 175.993553  64.893419    28.505    28.546  8 57379.02760621 11.346
 276 176.001815  64.894692    26.135    25.181  8 57388.94324540 10.838
 277 176.016725  64.895225    30.283    31.276 10 57398.85888436 10.405
 278 176.015150  64.896310    29.969    30.037 10 57408.77452121 10.719
 279 176.012130  64.894922    30.058    31.149  9 57418.69017406  9.182
 280 176.003597  64.894596    29.010    28.728  9 57428.60582372  9.607
 281 176.005970  64.894657    31.373    31.371  8 57438.52147185  8.557
 282 176.013027  64.895753    30.717    30.492 10 57448.43711902  8.296
 283 176.020355  64.896463    30.706    30.371 10 57458.35276503  8.612
 284 176.017511  64.896870    30.619    31.029 10 57468.26840726  8.155
 285 176.013824  64.895675    32.059    31.938 10 57478.18404552  7.901
 286 176.007435  64.894752    32.199    31.899  8 57488.09968040  7.488
 287 176.006209  64.894663    31.170    31.373  9 57498.01531367  7.650
 288 176.011012  64.895307    30.401    30.178 10 57507.93095419  8.203
 289 176.014236  64.895320    42.590    42.687  9 57517.84661069  8.257
 290 176.013493  64.895000     0.597     0.571 10 57527.76226397 31.856
 291 176.003724  64.894359     1.358     1.274  8 57537.67791364 44.627
 292 175.995771  64.893579     7.702     1.601  8 57547.59356083 24.578
 293 175.996851  64.893093     1.134     1.182  8 57557.50920731 30.500
 294 176.000866  64.894344     4.448     1.348  8 57567.42485282 21.867
 295 176.010449  64.895079    17.636    18.889 10 57577.34049816 19.373
 296 176.017645  64.894991     0.977     0.896 10 57587.25614209 48.507
 297 176.013090  64.895000     0.336     0.357 10 57597.17178255 34.318
