# NaN NaN NaN ;Mean Elev.(m), Avg Gradient(m/km), RMS Gradient(m/km) - SRTM1     
#  -12.251  -3.921  23.387 ;Mean Elev.(m), Avg Gradient(m/km), RMS Gradient(m/km) - ASTER GDEM
#    1.443  -1.788  21.438 ;Mean Elev.(m), Avg Gradient(m/km), RMS Gradient(m/km) - GMTED2010 
   2 174.303057  64.723172     1.564     1.541  9 54670.96031822 30.328
   4 174.299605  64.724493     0.947     0.744 10 54690.79160454 37.764
   6 174.302244  64.722975     0.787     0.645 10 54710.62289116 39.205
   8 174.305105  64.721541     1.029     0.955  9 54730.45419115 33.419
   9 174.304789  64.721917     1.138     1.006 10 54740.36983820 33.335
  10 174.302017  64.722151     0.571     0.623 10 54750.28548504 44.907
  11 174.301390  64.722435     0.531     0.582 10 54760.20113192 41.893
  12 174.303756  64.722266     0.728     0.723 10 54770.11677667 25.596
  13 174.305443  64.721508     0.371     0.375  9 54780.03241800 27.221
  14 174.306133  64.720638     0.614     0.568 10 54789.94805665 24.594
  15 174.305031  64.720563     0.663     0.642  9 54799.86369406 21.821
  16 174.305292  64.721317     0.594     0.544  9 54809.77933172 21.063
  17 174.305280  64.722127     0.566     0.535 10 54819.69497019 19.194
  18 174.304191  64.722705     0.604     0.496  9 54829.61062235 18.166
  19 174.302480  64.723165     0.634     0.525 10 54839.52626099 17.649
  20 174.301354  64.724199     0.554     0.463  9 54849.44191002 17.105
  21 174.297401  64.724986     0.659     0.640 10 54859.35755833 16.491
  22 174.296943  64.725734     0.626     0.576 10 54869.27320711 14.428
  23 174.299527  64.725246     0.525     0.513  9 54879.18885509 13.962
  24 174.302973  64.723577     0.665     0.615 10 54889.10449991 13.742
  25 174.305561  64.722042     0.984     0.947 10 54899.02014145 13.255
  26 174.305953  64.721966     0.580     0.619 10 54908.93578046 13.019
  27 174.304319  64.722687     0.528     0.497  9 54918.85141803 12.621
  28 174.301891  64.722744     0.773     0.721  9 54928.76705525 12.379
  29 174.305084  64.722046     0.656     0.555  9 54938.68269211 12.149
  30 174.307047  64.720413     0.842     0.788 10 54948.59832712 12.137
  31 174.307101  64.719088     1.010     0.959  9 54958.51396358 16.791
  32 174.308327  64.720039     2.033     1.806  9 54968.42961226 31.755
  33 174.306805  64.721386     2.338     2.303 10 54978.34525966 43.107
  35 174.304898  64.722779     2.200     2.100 10 54998.17655464 32.814
  36 174.304369  64.722855     1.823     1.814 10 55008.09220042 32.854
  37 174.301833  64.722891     1.950     1.869 10 55018.00784404 33.332
  38 174.301134  64.723963     1.679     1.682  9 55027.92348647 31.145
  39 174.300522  64.725199     1.961     1.793 10 55037.83912840 30.338
  40 174.299556  64.725175     1.517     1.346  9 55047.75476909 30.816
  41 174.301614  64.723591     1.261     0.992 10 55057.67040797 34.564
  42 174.305898  64.721363     1.176     1.004 10 55067.58604576 30.779
  43 174.307615  64.720275     1.052     0.981  9 55077.50169603 44.237
  44 174.307501  64.720977     0.934     0.764  9 55087.41734384 38.618
  45 174.302401  64.722078     1.008     1.032  9 55097.33298966 36.056
  46 174.301243  64.723098     1.182     1.066  9 55107.24863542 36.115
  47 174.303256  64.722676     1.055     1.035  9 55117.16428076 47.653
  48 174.306936  64.721232     0.434     0.475  9 55127.07992387 46.392
  49 174.307513  64.719907     0.802     0.718  9 55136.99556438 37.130
  50 174.308465  64.720377     0.509     0.562  9 55146.91120311 26.100
  51 174.305447  64.721706     0.814     0.750  9 55156.82684080 25.686
  52 174.302137  64.722554     0.860     0.743  9 55166.74247840 22.351
  53 174.302575  64.722793     0.868     0.816  9 55176.65811593 25.544
  54 174.303375  64.722093     0.837     0.754 10 55186.57375863 19.617
  55 174.303583  64.722458     0.789     0.636  9 55196.48940964 17.840
  56 174.301418  64.723717     0.541     0.549 10 55206.40505932 16.141
  57 174.298977  64.725274     0.605     0.530  9 55216.32070843 15.412
  58 174.299495  64.725902     0.724     0.736 10 55226.23635716 15.195
  59 174.299106  64.724083     0.727     0.699 10 55236.15200324 14.151
  60 174.303487  64.721681     0.888     0.785 10 55246.06764632 14.193
  61 174.309243  64.720547     0.989     0.895  9 55255.98328690 14.151
  62 174.307003  64.720863     0.842     0.770  9 55265.89892553 12.949
  63 174.304434  64.722616     0.857     0.796 10 55275.81456344 13.006
  64 174.302911  64.723260     1.070     1.037 10 55285.73020045 12.766
  65 174.304415  64.721882     0.945     0.791 10 55295.64583561 12.271
  66 174.307512  64.719716     0.959     0.937  9 55305.56147510 11.826
  67 174.311339  64.719219     0.897     0.933  9 55315.47712243 11.442
  68 174.307683  64.719892     0.624     0.465  9 55325.39276764 36.430
  69 174.304873  64.721916     2.130     1.895 10 55335.30841185 34.060
  70 174.301625  64.723265     3.308     3.282 10 55345.22405562 46.175
  71 174.302799  64.723573     2.687     2.686 10 55355.13969877 48.429
  72 174.300927  64.722682     2.068     2.086 10 55365.05533950 32.763
  73 174.301767  64.722409     1.666     1.444 10 55374.97097893 34.803
  74 174.303554  64.723240     1.408     1.108 10 55384.88661740 34.210
  75 174.302265  64.723798     0.774     0.636  9 55394.80225468 38.986
  76 174.301861  64.723748     0.568     0.570  9 55404.71789352 34.216
  77 174.304422  64.723043     1.022     1.006 10 55414.63354520 49.190
  78 174.305189  64.720957     0.933     0.686  9 55424.54919355 30.574
  79 174.310314  64.720080     0.828     0.876  9 55434.46483980 36.179
  80 174.307326  64.720256     1.141     1.012  9 55444.38048393 36.825
  81 174.304159  64.721742     2.216     2.064  9 55454.29612702 36.128
  82 174.303176  64.723185     2.127     2.117 10 55464.21176954 35.034
  83 174.302484  64.722277     1.187     1.055  9 55474.12740940 33.294
  84 174.307619  64.720629     1.074     1.144 10 55484.04304679 34.184
  85 174.310395  64.719015     0.435     0.470 10 55493.95868185 44.991
  86 174.309607  64.719304     0.437     0.402 10 55503.87431551 29.708
  87 174.306416  64.721567     0.452     0.444 10 55513.78996372 26.673
  88 174.302596  64.723446     0.502     0.419 10 55523.70561305 20.453
  89 174.301580  64.724089     0.832     0.793  9 55533.62126085 19.089
  90 174.299963  64.723242     0.527     0.536 10 55543.53690670 19.244
  91 174.301819  64.723113     0.847     0.823 10 55553.45255099 18.737
  92 174.301030  64.723630     1.028     1.032  9 55563.36819397 18.215
  93 174.301570  64.724426     1.051     0.997  9 55573.28383650 16.757
  94 174.301753  64.724002     0.975     1.029 10 55583.19947757 16.741
  95 174.303440  64.722304     0.850     0.837  9 55593.11511528 16.168
  96 174.306631  64.720298     0.744     0.748  9 55603.03074977 15.156
  97 174.309416  64.719247     0.808     0.796 10 55612.94638214 14.745
  98 174.307459  64.719290     0.798     0.582  9 55622.86201774 14.463
  99 174.306443  64.721177     0.646     0.547  9 55632.77767056 14.455
 100 174.304644  64.721941     0.805     0.790  9 55642.69332097 13.945
 101 174.303752  64.721428     0.704     0.543 10 55652.60896852 13.894
 102 174.306937  64.720362     0.666     0.640 10 55662.52461222 13.654
 103 174.309253  64.720055     0.567     0.519  9 55672.44025288 12.833
 104 174.307883  64.720549     1.149     1.144  9 55682.35589181 13.230
 105 174.303428  64.721500     1.308     1.249  9 55692.27152897  5.686
 106 174.302578  64.722566     0.797     0.751  9 55702.18716487 39.004
 107 174.302536  64.723027     1.769     1.709  9 55712.10280757 46.577
 108 174.302279  64.723107     3.526     3.475 10 55722.01845714 35.480
 109 174.303378  64.723464     2.759     2.658 10 55731.93410479 38.157
 110 174.301492  64.723446     2.184     2.196 10 55741.84975085 36.730
 111 174.301630  64.723542     1.603     1.578 10 55751.76539582 35.177
 112 174.303600  64.723020     1.271     1.004 10 55761.68103857 31.632
 113 174.305900  64.721956     0.838     0.673 10 55771.59667849 40.171
 114 174.308634  64.720636     1.406     0.945  9 55781.51231494 30.222
 115 174.309993  64.720044     2.008     2.006  9 55791.42794876 33.651
 116 174.306553  64.719612     0.861     0.851  9 55801.34358097 49.804
 117 174.306972  64.721065     0.916     0.790  9 55811.25923124 36.824
 118 174.306829  64.721683     2.385     2.174  9 55821.17488002 34.438
 119 174.305551  64.720933     1.722     1.610 10 55831.09052385 32.162
 120 174.309252  64.720282     1.334     1.096  9 55841.00616355 36.156
 121 174.306662  64.719421     0.504     0.516  9 55850.92179957 45.125
 122 174.308161  64.720587     0.435     0.255  9 55860.83743403 37.002
 123 174.303899  64.722140     0.875     0.851 10 55870.75308599 28.352
 124 174.300395  64.722936     0.750     0.754 10 55880.66873620 20.011
 125 174.301360  64.723226     0.777     0.786 10 55890.58438012 20.200
 126 174.303689  64.723177     1.010     0.888 10 55900.50001829 19.648
 127 174.303678  64.722909     1.207     1.169  9 55910.41565155 16.104
 128 174.302467  64.723738     0.775     0.708  9 55920.33130460 15.405
 129 174.303101  64.723807     0.896     0.799 10 55930.24695706 14.682
 130 174.302861  64.722398     1.021     0.982 10 55940.16260551 14.002
 131 174.306058  64.721025     0.996     0.901  9 55950.07824960 14.171
 132 174.306323  64.720301     1.097     1.122  9 55959.99388931 13.461
 133 174.307415  64.720996     1.255     1.233  9 55969.90952679 13.477
 134 174.306293  64.721721     1.063     0.964  9 55979.82516300 12.793
 135 174.305122  64.721325     1.000     0.911  9 55989.74079826 12.431
 136 174.306327  64.720772     0.966     0.944 10 55999.65644150 11.873
 137 174.307126  64.720265     1.015     0.966  9 56009.57209225 11.641
 138 174.307838  64.720416     1.037     1.013 10 56019.48773894 11.952
 139 174.306400  64.721303     0.746     0.683  9 56029.40338257  9.543
 140 174.303564  64.722484     1.023     1.010  9 56039.31902430  9.409
 141 174.301875  64.723099     1.476     1.487  9 56049.23466409 10.914
 142 174.301119  64.723087     1.723     1.595 10 56059.15030125 10.398
 143 174.303134  64.722463     1.172     1.171  9 56069.06593577 24.918
 144 174.303601  64.722947     2.480     2.493 10 56078.98158701 48.366
 145 174.302206  64.723574     3.160     3.175  9 56088.89723534 55.173
 146 174.302194  64.724334     1.963     1.919 10 56098.81288129 33.093
 147 174.301088  64.723526     1.618     1.535 10 56108.72852466 40.139
 148 174.303923  64.721852     1.515     1.420 10 56118.64415389 33.646
 149 174.310035  64.720401     1.025     0.766  9 56128.55979135 36.095
 150 174.310058  64.719313     1.010     0.908  9 56138.47542484 46.214
 151 174.305242  64.720218     1.148     0.963  9 56148.39107207 36.580
 152 174.304209  64.722090     1.690     1.629 10 56158.30672128 32.535
 153 174.303114  64.722576     1.847     1.582  9 56168.22236930 32.102
 154 174.305467  64.721713     1.642     1.479 10 56178.13801466 33.207
 155 174.307579  64.720428     1.423     1.537 10 56188.05365544 33.411
 156 174.308039  64.720027     1.155     0.934  9 56197.96929265 32.666
 157 174.306179  64.721056     0.270     0.245 10 56207.88492681 37.806
 158 174.304879  64.722712     0.699     0.718 10 56217.80055942 45.282
 159 174.301599  64.723533     0.668     0.745  9 56227.71620331 44.120
 160 174.301844  64.723496     0.376     0.137 10 56237.63185769 39.673
 161 174.301744  64.722812     1.080     1.034 10 56247.54750814 35.541
 162 174.301233  64.722480     0.586     0.618 10 56257.46315360 29.015
 163 174.300879  64.723320     0.355     0.360  9 56267.37879581 26.827
 164 174.302507  64.724261     0.631     0.651 10 56277.29443656 23.645
 165 174.300179  64.723662     0.716     0.681 10 56287.21008432 18.079
 166 174.304936  64.722307     0.848     0.842  9 56297.12573417 17.290
 167 174.305575  64.720164     0.634     0.602  9 56307.04137961 16.186
 168 174.308279  64.720006     0.777     0.813 10 56316.95702244 15.849
 169 174.304882  64.721265     0.687     0.668  9 56326.87266321 15.290
 170 174.302692  64.722762     0.828     0.838 10 56336.78830309 14.841
 171 174.302997  64.722884     0.806     0.779 10 56346.70394155 14.448
 172 174.304980  64.721234     0.990     0.997  9 56356.61957753 13.963
 173 174.309717  64.720481     1.031     0.945  9 56366.53522556 13.503
 176 174.301208  64.724340     0.973     0.924 10 56396.28216292 12.642
 177 174.298627  64.724930     1.553     1.568  9 56406.19780418 11.498
 178 174.301143  64.724418     1.758     1.869 10 56416.11344235 14.492
 179 174.303792  64.722668     1.514     1.575 10 56426.02907567 42.433
 180 174.303751  64.722291     1.683     1.620 10 56435.94472528 46.008
 181 174.301925  64.723073     2.209     2.152  9 56445.86037694 31.076
 182 174.300066  64.724231     2.412     2.385 10 56455.77602624 29.976
 183 174.301509  64.724327     2.195     2.061  9 56465.69167269 30.025
 184 174.304617  64.722776     2.076     2.112 10 56475.60731538 43.264
 185 174.305529  64.720219     1.699     1.464  9 56485.52295430 33.005
 186 174.307453  64.719456     1.691     1.573  9 56495.43859058 35.938
 187 174.308919  64.720790     1.436     1.086  9 56505.35422530 32.916
 188 174.304942  64.721853     1.462     1.198  9 56515.26985802 31.773
 189 174.303429  64.722768     1.723     1.335  9 56525.18551167 31.484
 190 174.305393  64.722171     2.175     2.193 10 56535.10116280 31.846
 192 174.305385  64.720801     1.902     1.795 10 56554.93245426 34.624
 193 174.304329  64.722556     1.579     1.393 10 56564.84809706 30.039
 194 174.300893  64.724402     0.816     0.799  9 56574.76373829 44.041
 195 174.300084  64.725145     0.338     0.372  9 56584.67937682 34.097
 196 174.300934  64.723970     0.597     0.563  9 56594.59501233 27.234
 197 174.303805  64.723357     1.038     1.051 10 56604.51066558 27.333
 198 174.302035  64.722437     0.657     0.683 10 56614.42631360 19.811
 199 174.302808  64.722959     0.470     0.389  9 56624.34195813 20.037
 200 174.301071  64.723186     0.594     0.590  9 56634.25759962 18.600
 201 174.301895  64.722841     0.291     0.195  9 56644.17323646 18.150
 202 174.304363  64.722160     0.717     0.628  9 56654.08888955 17.427
 203 174.306717  64.720974     0.638     0.635  9 56664.00453851 16.929
 204 174.305444  64.720205     0.673     0.663  9 56673.92018441 16.254
 205 174.304051  64.721292     0.448     0.431  9 56683.83582916 15.895
 206 174.302284  64.722568     1.387     1.236 10 56693.75147178 14.443
 207 174.301651  64.722894     0.871     0.855  9 56703.66711011 14.685
 208 174.303264  64.721724     1.051     0.970  9 56713.58274326 14.478
 210 174.304013  64.721681     1.029     1.022  9 56733.41404293 13.495
 211 174.300336  64.723131     1.119     1.037 10 56743.32968992 12.783
 212 174.298282  64.724666     1.147     0.990 10 56753.24533275 12.952
 213 174.297952  64.724904     1.310     1.302 10 56763.16097030 12.886
 214 174.299930  64.723782     1.159     0.990 10 56773.07660323 11.766
 215 174.301539  64.723531     1.806     1.746  9 56782.99226096 10.917
 216 174.300043  64.723191     1.544     1.563 10 56792.90791471 18.828
 217 174.302297  64.724055     1.606     1.414 10 56802.82356607 36.166
 218 174.301710  64.724056     2.090     2.186 10 56812.73920920 45.559
 219 174.301889  64.723324     3.019     2.977 10 56822.65484872 33.178
 221 174.306015  64.720633     2.942     2.919  9 56842.48611629 30.355
 222 174.305123  64.720265     2.443     2.356  9 56852.40175591 35.088
 223 174.305561  64.721700     1.595     1.603 10 56862.31741028 51.639
 224 174.303033  64.722780     1.100     1.113  9 56872.23306381 53.974
 225 174.303050  64.723318     0.933     0.938  9 56882.14871447 48.221
 226 174.302028  64.723000     0.589     0.603  9 56892.06436135 38.790
 227 174.301290  64.722633     1.244     0.960 10 56901.98000517 33.230
 228 174.301677  64.723595     1.824     1.758 10 56911.89564721 32.181
 229 174.299898  64.724387     1.591     1.254  9 56921.81128742 31.786
 230 174.299923  64.725084     1.008     0.980  9 56931.72692554 49.030
 231 174.301791  64.724694     1.098     0.924 10 56941.64255857 37.268
 232 174.300962  64.723591     0.136     0.072 10 56951.55820015 45.014
 233 174.302922  64.723441     0.723     0.754  9 56961.47385155 41.522
 234 174.300770  64.723117     1.218     1.206 10 56971.38949764 39.891
 235 174.301938  64.723247     0.876     0.872  9 56981.30514003 26.512
 236 174.302901  64.722739     0.644     0.577  9 56991.22077794 22.222
 237 174.305588  64.721431     0.757     0.722 10 57001.13640959 18.762
 238 174.306458  64.721263     0.735     0.734 10 57011.05206713 17.009
 239 174.304952  64.720913     0.726     0.725 10 57020.96771881 16.135
 240 174.304603  64.721735     0.739     0.745 10 57030.88336772 15.964
 241 174.303607  64.722555     0.776     0.802  9 57040.79901468 15.610
 242 174.302646  64.722982     0.720     0.715 10 57050.71465950 15.144
 243 174.304828  64.722759     0.830     0.806 10 57060.63030043 14.571
 244 174.303126  64.721734     0.603     0.621 10 57070.54593536 14.038
 245 174.305160  64.721875     0.732     0.588  9 57080.46156643 13.259
 246 174.301928  64.722688     0.779     0.845  9 57090.37720672 12.215
 247 174.300648  64.724704     0.661     0.598  9 57100.29286458 11.968
 248 174.299594  64.725414     0.731     0.670 10 57110.20851928 11.655
 249 174.300981  64.724680     0.961     0.859 10 57120.12416853 11.910
 250 174.302487  64.723477     0.916     0.937 10 57130.03981190 10.988
 251 174.302946  64.722965     1.378     1.311  9 57139.95544984 11.968
 252 174.302689  64.723194     1.473     1.360  9 57149.87108420 11.152
 253 174.303542  64.723121     0.695     0.721 10 57159.78671567 15.537
 254 174.302371  64.722391     1.173     1.143 10 57169.70236736 39.545
 255 174.305959  64.721730     3.615     3.608 10 57179.61802317 52.601
 256 174.307612  64.721067     2.509     2.455  9 57189.53367478 30.311
 257 174.304444  64.721148     2.309     2.371  9 57199.44932235 30.969
 258 174.301840  64.722228     2.090     2.122 10 57209.36495639 33.437
 259 174.302038  64.723332     1.605     1.419 10 57219.28060072 33.838
 260 174.302445  64.723139     0.892     0.838  9 57229.19624395 37.919
 261 174.302486  64.722289     0.834     0.732  9 57239.11188488 39.004
 262 174.303650  64.721773     1.021     0.869  9 57249.02752288 35.645
 263 174.304466  64.722439     1.297     0.973  9 57258.94315850 30.840
 264 174.301117  64.723333     1.645     1.462  9 57268.85879246 31.213
 265 174.298646  64.724686     1.267     1.121  9 57278.77444257 33.436
 266 174.300215  64.725177     1.230     1.196 10 57288.69009865 36.374
 267 174.302187  64.724343     1.394     1.232 10 57298.60575181 33.289
 268 174.304165  64.723063     0.472     0.410 10 57308.52140134 45.596
 269 174.302141  64.722595     0.518     0.489 10 57318.43704698 43.805
 270 174.303227  64.723692     0.707     0.655 10 57328.35268992 27.375
 271 174.300796  64.724264     0.531     0.470  9 57338.26833035 24.205
 272 174.302411  64.724024     0.463     0.435 10 57348.18397906 24.442
 273 174.303804  64.722246     0.507     0.452 10 57358.09962543 21.568
 274 174.306338  64.720674     0.415     0.414 10 57368.01526860 19.109
 275 174.307907  64.720881     0.856     0.740  9 57377.93090884 18.420
 276 174.303502  64.721900     0.994     0.929 10 57387.84654685 16.246
 277 174.300934  64.722855     0.881     0.929 10 57397.76218420 15.485
 278 174.302409  64.722764     0.758     0.715 10 57407.67782038 15.101
 279 174.304907  64.722254     0.880     0.794 10 57417.59347301 14.688
 280 174.304581  64.721816     0.762     0.688  9 57427.50912368 14.229
 281 174.304069  64.723082     0.807     0.720 10 57437.42477176 12.958
 282 174.300138  64.724903     0.965     0.895 10 57447.34041814 13.053
 283 174.298275  64.726226     0.839     0.871 10 57457.25606365 12.993
 284 174.298794  64.725632     0.953     0.871 10 57467.17170672 12.729
 285 174.303196  64.723621     0.921     0.836 10 57477.08734609 12.433
 286 174.304364  64.721337     0.877     0.751 10 57487.00298188 12.080
 287 174.305366  64.720814     1.019     0.980 10 57496.91861550 11.976
 288 174.303903  64.721869     0.939     0.956  9 57506.83425262 11.102
 289 174.300398  64.723065     1.249     1.211 10 57516.74990860 21.384
 290 174.302756  64.723236     0.749     0.677 10 57526.66556225 36.057
 291 174.305452  64.721660     2.295     2.276  9 57536.58121326 40.633
 292 174.307355  64.720437     2.210     2.205 10 57546.49686153 33.917
 293 174.305375  64.720503     1.644     1.560  9 57556.41250788 34.236
 294 174.304125  64.722420     1.234     0.874  9 57566.32815317 36.092
 295 174.300587  64.723636     1.153     0.924 10 57576.24379747 36.095
 296 174.300837  64.723927     1.304     1.134  9 57586.15944110 33.110
 297 174.303795  64.723363     1.274     1.250 10 57596.07508267 32.551
