-127769.894   105.407     0.00    5.61
-127482.892   105.304    -0.36    5.25
-127195.898   105.122    -0.63    4.75
-126908.912   105.238     0.40    4.35
-126621.933   106.107     3.03    4.51
-126334.961   107.558     5.06    4.59
-126047.998   108.894     4.66    4.34
-125761.042   110.300     4.90    3.63
-125474.093   111.736     5.01    3.21
-125187.152   113.271     5.35    3.48
-124900.219   114.814     5.38    4.12
-124613.293   116.706     6.59    4.90
-124326.375   119.294     9.02    6.67
-124039.464   123.322    14.04    7.49
-123752.561   126.802    12.13    8.04
-123465.665   132.155    18.66   10.47
-123178.778   137.474    18.54   14.09
-122891.897   144.633    24.96   19.21
-122605.024   151.963    25.55   21.80
-122318.159   157.824    20.43   20.91
-122031.302   165.140    25.51   19.13
-121744.452   172.231    24.72   17.73
-121457.609   180.911    30.26   21.13
-121170.774   188.349    25.93   21.55
-120883.947   194.235    20.52   26.75
-120597.127   207.238    45.34   36.81
-120310.315   220.824    47.37   42.51
-120023.511   235.249    50.30   48.92
-119736.713   255.184    69.51   54.99
-119449.924   276.817    75.43   59.77
-119163.142   302.329    88.96   64.45
-118876.368   330.196    97.18   65.67
-118589.601   360.310   105.01   65.96
-118302.842   397.460   129.55   69.50
-118016.090   432.839   123.38   69.25
-117729.346   460.615    96.87   61.77
-117442.610   482.481    76.26   49.17
-117155.881   496.416    48.60   34.65
-116869.159   503.095    23.30   24.95
-116582.446   498.869   -14.74   25.97
-116295.739   491.568   -25.46   29.63
-116009.041   482.735   -30.81   37.51
-115722.350   470.731   -41.87   47.53
-115435.666   459.530   -39.07   58.02
-115148.990   448.111   -39.83   66.01
-114862.321   424.311   -83.03   75.95
-114575.661   403.624   -72.17   81.82
-114289.007   387.336   -56.82   82.78
-114002.361   362.912   -85.21   82.99
-113715.723   336.531   -92.04   77.62
-113429.092   310.667   -90.24   68.76
-113142.469   287.335   -81.40   60.02
-112855.854   261.826   -89.00   57.45
-112569.246   238.932   -79.88   54.85
-112282.645   218.916   -69.84   50.39
-111996.052   195.531   -81.60   44.51
-111709.467   173.481   -76.94   39.23
-111422.889   154.198   -67.29   37.86
-111136.319   136.626   -61.32   36.88
-110849.756   116.760   -69.33   37.22
-110563.201    98.045   -65.31   37.05
-110276.653    82.423   -54.52   36.43
-109990.113    64.417   -62.84   31.94
-109703.580    50.114   -49.92   26.95
-109417.055    38.126   -41.84   20.52
-109130.538    30.028   -28.26   14.73
-108844.028    23.788   -21.78   10.18
-108557.525    19.960   -13.36    7.52
-108271.031    17.298    -9.29    5.45
-107984.543    16.545    -2.63    5.10
-107698.063    16.319    -0.79    4.96
-107411.591    15.684    -2.22    4.41
-107125.126    15.836     0.53    4.47
-106838.669    15.573    -0.92    3.88
-106552.220    15.046    -1.84    3.47
-106265.777    14.887    -0.56    3.27
-105979.343    14.637    -0.87    2.92
-105692.916    14.418    -0.76    2.74
-105406.496    14.191    -0.79    2.67
-105120.084    14.093    -0.34    2.69
-104833.680    13.776    -1.11    2.75
-104547.283    13.408    -1.28    2.70
-104260.893    13.320    -0.31    2.61
-103974.511    13.186    -0.47    2.50
-103688.137    13.438     0.88    2.44
-103401.770    13.684     0.86    2.38
-103115.411    13.685     0.01    2.33
-102829.059    13.745     0.21    2.35
-102542.715    13.561    -0.64    2.47
-102256.378    13.387    -0.61    2.56
-101970.049    13.083    -1.06    2.59
-101683.727    12.898    -0.64    2.65
-101397.413    12.909     0.04    2.61
-101111.106    13.254     1.21    2.68
-100824.807    13.460     0.72    2.65
-100538.516    13.546     0.30    2.59
-100252.231    13.524    -0.08    2.49
 -99965.955    13.488    -0.13    2.50
 -99679.686    13.247    -0.84    2.41
 -99393.424    12.933    -1.10    2.20
 -99107.170    12.903    -0.11    2.17
 -98820.924    12.729    -0.60    2.00
 -98534.685    12.467    -0.92    1.84
 -98248.453    12.045    -1.47    1.82
 -97962.229    11.687    -1.25    1.80
 -97676.013    11.322    -1.28    1.78
 -97389.804    10.933    -1.36    1.75
 -97103.602    10.616    -1.11    1.64
 -96817.408    10.416    -0.70    1.52
 -96531.222    10.189    -0.79    1.37
 -96245.043    10.150    -0.14    1.38
 -95958.871    10.087    -0.22    1.32
 -95672.707    10.024    -0.22    1.21
 -95386.551     9.942    -0.29    1.14
 -95100.402     9.784    -0.55    1.10
 -94814.261     9.554    -0.80    1.07
 -94528.127     9.293    -0.92    1.07
 -94242.000     9.145    -0.51    1.08
 -93955.881     8.929    -0.76    1.08
 -93669.770     8.727    -0.70    1.01
 -93383.666     8.675    -0.18    0.97
 -93097.569     8.613    -0.22    1.00
 -92811.481     8.547    -0.23    0.97
 -92525.399     8.612     0.23    1.05
 -92239.325     8.736     0.43    1.12
 -91953.259     8.687    -0.17    1.05
 -91667.200     8.706     0.07    1.12
 -91381.148     8.678    -0.10    1.09
 -91095.104     8.614    -0.22    1.07
 -90809.068     8.633     0.07    1.13
 -90523.039     8.690     0.20    1.14
 -90237.017     8.708     0.06    1.17
 -89951.003     8.898     0.67    1.28
 -89664.997     9.150     0.88    1.33
 -89378.998     9.326     0.62    1.34
 -89093.006     9.587     0.91    1.40
 -88807.022     9.764     0.62    1.42
 -88521.046     9.920     0.55    1.40
 -88235.076    10.169     0.87    1.49
 -87949.115    10.444     0.96    1.56
 -87663.161    10.634     0.66    1.63
 -87377.214    10.779     0.51    1.72
 -87091.275    10.981     0.71    1.75
 -86805.343    11.200     0.77    1.73
 -86519.419    11.474     0.96    1.77
 -86233.502    11.763     1.01    1.73
 -85947.593    12.099     1.17    1.59
 -85661.691    12.430     1.16    1.46
 -85375.797    12.651     0.77    1.20
 -85089.910    12.824     0.60    1.14
 -84804.031    13.003     0.63    1.11
 -84518.159    13.134     0.46    1.18
 -84232.295    13.212     0.27    1.31
 -83946.438    13.459     0.87    1.45
 -83660.588    13.647     0.66    1.56
 -83374.746    13.638    -0.03    1.70
 -83088.912    13.628    -0.04    1.69
 -82803.085    13.691     0.22    1.74
 -82517.265    13.509    -0.64    1.82
 -82231.453    13.402    -0.37    1.82
 -81945.649    13.119    -0.99    1.63
 -81659.852    12.925    -0.68    1.65
 -81374.062    12.717    -0.73    1.71
 -81088.280    12.612    -0.37    1.69
 -80802.505    12.678     0.23    1.74
 -80516.738    12.754     0.27    1.96
 -80230.978    13.097     1.20    1.90
 -79945.226    13.329     0.81    1.92
 -79659.481    13.538     0.73    1.87
 -79373.743    13.616     0.27    1.89
 -79088.013    13.430    -0.65    1.88
 -78802.291    13.253    -0.62    1.84
 -78516.576    12.840    -1.44    1.92
 -78230.868    12.517    -1.13    1.94
 -77945.168    12.068    -1.57    2.10
 -77659.475    11.340    -2.55    2.18
 -77373.790    10.615    -2.54    2.14
 -77088.112    10.014    -2.10    2.03
 -76802.442     9.410    -2.11    1.89
 -76516.779     8.847    -1.97    1.58
 -76231.124     8.342    -1.77    1.36
 -75945.476     8.046    -1.04    1.30
 -75659.510     7.856    -0.66    1.22
 -75372.171     7.763    -0.33    1.16
 -75084.841     7.590    -0.60    0.98
 -74797.519     7.767     0.61    1.29
 -74510.205     8.531     2.66    2.54
 -74222.900     9.778     4.34    4.06
 -73935.602    12.424     9.21    6.61
 -73648.314    15.545    10.86    8.60
 -73361.033    19.495    13.75   10.17
 -73073.761    23.779    14.91   11.27
 -72786.498    29.049    18.34   12.33
 -72499.242    34.496    18.96   12.75
 -72211.995    40.495    20.89   14.19
 -71924.756    46.058    19.37   14.75
 -71637.526    51.553    19.13   14.39
 -71350.304    56.374    16.78   14.06
 -71063.090    61.432    17.61   12.87
 -70775.884    66.517    17.71   11.11
 -70488.687    70.517    13.93    9.20
 -70201.498    74.340    13.31    8.00
 -69914.318    76.926     9.00    7.52
 -69627.145    79.220     7.99    7.58
 -69339.982    81.292     7.22    7.97
 -69052.826    82.408     3.88    8.15
 -68765.679    83.069     2.30    8.32
 -68478.540    82.788    -0.98    8.55
 -68191.409    81.805    -3.43    8.51
 -67904.287    81.329    -1.66    8.19
 -67617.173    80.337    -3.46    8.37
 -67330.067    79.726    -2.13    7.54
 -67042.969    80.423     2.43    6.73
 -66755.880    81.233     2.82    7.14
 -66468.799    83.488     7.86    8.28
 -66181.727    86.167     9.33    9.12
 -65894.663    89.169    10.46    9.59
 -65607.607    91.853     9.35    9.75
 -65320.559    94.032     7.59    8.72
 -65033.520    96.115     7.26    8.68
 -64746.489    97.864     6.09    8.36
 -64459.466    98.861     3.47    7.56
 -64172.452    99.219     1.25    8.18
 -63885.446    98.614    -2.11    8.91
 -63598.448    97.394    -4.25    8.65
 -63311.458    95.538    -6.47    9.77
 -63024.477    92.939    -9.06   10.39
 -62737.504    91.716    -4.26   10.43
 -62450.540    92.812     3.82   11.36
 -62163.583    94.974     7.54   13.34
 -61876.635    98.955    13.87   14.35
 -61589.695   102.735    13.17   13.42
 -61302.764   104.849     7.37   11.13
 -61015.841   102.977    -6.52   11.86
 -60728.926    97.422   -19.36   16.14
 -60442.019    88.217   -32.08   20.22
 -60155.121    76.881   -39.51   24.46
 -59868.231    65.561   -39.46   27.97
 -59581.349    51.981   -47.34   27.74
 -59294.476    43.057   -31.11   23.49
 -59007.610    38.365   -16.35   18.39
 -58720.753    36.077    -7.98   14.41
 -58433.905    37.087     3.52   12.05
 -58147.064    40.836    13.07   11.62
 -57860.232    45.404    15.92    9.17
 -57573.408    48.146     9.56    7.30
 -57286.593    49.119     3.39    6.62
 -56999.786    48.333    -2.74    7.05
 -56712.987    46.467    -6.51    7.44
 -56426.196    44.003    -8.59    7.33
 -56139.414    41.524    -8.64    6.74
 -55852.639    38.880    -9.22    6.21
 -55565.873    36.923    -6.82    5.56
 -55279.116    35.328    -5.56    5.12
 -54992.366    33.953    -4.79    5.08
 -54705.625    33.006    -3.30    4.61
 -54418.893    32.385    -2.17    4.18
 -54132.168    31.701    -2.39    4.18
 -53845.452    31.174    -1.84    4.25
 -53558.744    31.104    -0.24    4.39
 -53272.044    30.287    -2.85    4.47
 -52985.352    29.396    -3.11    4.41
 -52698.669    28.452    -3.29    4.66
 -52411.994    26.631    -6.35    4.47
 -52125.327    24.629    -6.98    4.88
 -51838.669    22.814    -6.33    5.18
 -51552.019    20.736    -7.25    4.84
 -51265.377    19.353    -4.82    4.43
 -50978.743    18.393    -3.35    3.69
 -50692.118    17.953    -1.54    3.33
 -50405.500    18.112     0.56    3.31
 -50118.891    18.562     1.57    3.53
 -49832.291    18.956     1.38    3.69
 -49545.698    17.702    -4.38    5.23
 -49259.114    15.177    -8.81    7.00
 -48972.538    12.703    -8.63    7.44
 -48685.971     9.881    -9.85    7.06
 -48399.411     7.525    -8.22    6.01
 -48112.860     5.393    -7.44    3.38
 -47826.317     4.383    -3.52    1.14
 -47539.782     4.342    -0.14    0.93
 -47253.256     4.503     0.56    1.01
 -46966.738     4.630     0.44    1.03
 -46680.228     4.822     0.67    1.07
 -46393.726     4.782    -0.14    1.12
 -46107.232     4.572    -0.74    1.15
 -45820.747     4.323    -0.87    1.01
 -45534.270     4.119    -0.71    0.97
 -45247.801     3.956    -0.57    0.92
 -44961.341     3.767    -0.66    0.80
 -44674.888     3.576    -0.67    0.43
 -44388.444     3.488    -0.31    0.00
 -44102.008     3.488     0.00    0.00
 -43815.581     3.488     0.00    0.00
 -43529.161     3.517     0.10    0.21
 -43242.750     3.800     0.99    1.03
 -42956.347     4.238     1.53    2.02
 -42669.953     4.942     2.46    3.30
 -42383.566     5.530     2.05    4.15
 -42097.188     5.524    -0.02    4.04
 -41810.818     5.445    -0.28    3.69
 -41524.456     5.552     0.37    3.20
 -41238.103     5.628     0.26    2.93
 -40951.757     6.297     2.34    4.03
 -40665.420     8.230     6.75    6.62
 -40379.091    10.985     9.62    9.63
 -40092.771    13.945    10.34   11.83
 -39806.458    18.742    16.75   14.91
 -39520.154    23.430    16.38   16.85
 -39233.858    28.293    16.98   19.43
 -38947.570    36.013    26.97   23.56
 -38661.291    44.474    29.55   26.93
 -38375.019    52.372    27.59   29.12
 -38088.756    62.038    33.76   32.52
 -37802.501    72.509    36.58   34.44
 -37516.254    81.731    32.22   34.47
 -37230.016    92.918    39.08   36.60
 -36943.786   102.595    33.81   37.15
 -36657.563   113.307    37.43   38.22
 -36371.350   124.575    39.37   41.89
 -36085.144   135.608    38.55   44.49
 -35798.946   148.106    43.67   44.22
 -35512.757   160.567    43.54   47.43
 -35226.576   172.431    41.46   46.33
 -34940.403   182.880    36.51   40.54
 -34654.239   186.952    14.23   35.13
 -34368.082   189.691     9.57   29.52
 -34081.934   188.804    -3.10   26.22
 -33795.794   181.268   -26.34   28.38
 -33509.662   170.417   -37.92   28.29
 -33223.538   157.379   -45.57   28.12
 -32937.423   144.561   -44.80   28.18
 -32651.316   128.252   -57.00   28.00
 -32365.217   112.028   -56.71   26.10
 -32079.126    99.356   -44.29   25.48
 -31793.043    87.660   -40.88   22.15
 -31506.969    77.644   -35.01   16.87
 -31220.902    70.992   -23.25   12.13
 -30934.844    65.281   -19.96    8.57
 -30648.794    60.836   -15.54    8.95
 -30362.753    56.121   -16.48   10.38
 -30076.719    52.003   -14.40   10.84
 -29790.694    48.088   -13.69   10.22
 -29504.677    44.510   -12.51    9.13
 -29218.668    42.065    -8.55    7.92
 -28932.667    41.037    -3.59    7.06
 -28646.674    40.192    -2.95    6.11
 -28360.690    41.264     3.75    6.47
 -28074.714    42.495     4.31    7.24
 -27788.746    42.922     1.49    7.74
 -27502.786    43.291     1.29    8.02
 -27216.834    45.009     6.01   10.69
 -26930.891    45.540     1.85   11.10
 -26644.955    45.554     0.05   10.65
 -26359.028    47.631     7.26   13.58
 -26073.109    49.307     5.86   15.70
 -25787.198    50.467     4.06   16.29
 -25501.296    52.433     6.88   17.28
 -25215.401    50.460    -6.90   16.90
 -24929.515    46.363   -14.33   16.52
 -24643.637    41.687   -16.36   15.53
 -24357.767    37.538   -14.51   13.40
 -24071.905    34.539   -10.49   11.08
 -23786.052    31.697    -9.94    7.88
 -23500.206    30.978    -2.52    6.07
 -23214.369    31.069     0.32    6.37
 -22928.540    32.260     4.17    7.69
 -22642.719    33.838     5.52    8.99
 -22356.906    36.394     8.94   10.85
 -22071.102    39.459    10.73   12.80
 -21785.305    43.784    15.13   14.67
 -21499.517    50.378    23.07   17.85
 -21213.737    58.554    28.61   24.94
 -20927.965    68.573    35.06   32.36
 -20642.201    82.569    48.98   40.18
 -20356.445    91.611    31.64   45.19
 -20070.698   102.707    38.83   47.04
 -19784.959   110.300    26.57   43.29
 -19499.227   116.474    21.61   39.27
 -19213.504   125.395    31.22   36.60
 -18927.789   136.431    38.63   34.93
 -18642.083   147.517    38.80   36.69
 -18356.384   160.404    45.11   37.38
 -18070.694   168.819    29.46   34.33
 -17785.012   170.988     7.59   30.04
 -17499.337   165.389   -19.60   32.82
 -17213.671   155.744   -33.76   38.50
 -16928.014   144.003   -41.10   40.44
 -16642.364   128.126   -55.58   34.81
 -16356.722   114.938   -46.17   24.25
 -16071.089   106.350   -30.07   15.33
 -15785.464   100.352   -21.00   13.65
 -15499.847    95.530   -16.88   14.96
 -15214.238    89.648   -20.60   15.34
 -14928.637    84.211   -19.04   15.92
 -14643.044    76.467   -27.11   16.78
 -14357.460    70.856   -19.65   15.11
 -14071.883    65.547   -18.59   12.53
 -13785.837    59.263   -21.97   12.37
 -13498.419    55.335   -13.67   11.68
 -13211.011    51.839   -12.17   11.15
 -12923.611    47.707   -14.38   11.81
 -12636.221    45.414    -7.98   10.73
 -12348.840    42.700    -9.44    9.29
 -12061.468    40.847    -6.45    9.77
 -11774.104    40.365    -1.68   10.36
 -11486.750    41.024     2.29   11.59
 -11199.405    41.567     1.89   13.11
 -10912.069    42.121     1.93   13.50
 -10624.742    43.781     5.78   15.09
 -10337.424    45.171     4.84   16.61
 -10050.115    45.923     2.62   17.29
  -9762.815    45.396    -1.83   18.87
  -9475.524    43.758    -5.70   19.48
  -9188.242    39.974   -13.17   16.69
  -8900.969    35.938   -14.05   16.66
  -8613.706    31.208   -16.47   13.87
  -8326.451    27.684   -12.27   11.70
  -8039.205    24.361   -11.57    9.85
  -7751.968    21.860    -8.71    8.65
  -7464.741    20.269    -5.54    8.35
  -7177.522    18.495    -6.18    9.09
  -6890.312    16.773    -6.00    9.74
  -6603.112    15.351    -4.95   10.46
  -6315.920    13.016    -8.13   10.68
  -6028.737     9.944   -10.70    8.30
  -5741.564     8.436    -5.25    7.82
  -5454.399     7.006    -4.98    7.32
  -5167.244     4.981    -7.05    4.88
  -4880.097     4.231    -2.61    4.82
  -4592.959     3.226    -3.50    3.96
  -4305.831     1.951    -4.44    1.75
  -4018.711     1.488    -1.61    1.50
  -3731.601     1.233    -0.89    1.66
  -3444.499     1.380     0.51    2.04
  -3157.407     1.322    -0.20    2.24
  -2870.323     1.272    -0.17    2.26
  -2583.249     1.363     0.32    2.29
  -2296.184     1.353    -0.03    2.19
  -2009.127     1.566     0.74    2.27
  -1722.080     2.177     2.13    2.63
  -1435.041     2.347     0.59    2.72
  -1148.012     2.183    -0.57    2.68
   -860.991     1.863    -1.12    2.91
   -573.980     1.481    -1.33    3.02
   -286.977     1.148    -1.16    3.04
      0.016     0.872    -0.96    2.92
    287.001     1.340     1.63    3.96
    573.976     2.003     2.31    4.44
    860.943     2.260     0.90    4.42
   1147.900     2.629     1.29    4.39
   1434.849     2.517    -0.39    4.46
   1721.788     2.218    -1.04    4.36
   2008.719     0.812    -4.90    3.19
   2295.640    -0.122    -3.26    1.57
   2582.553    -0.287    -0.58    1.45
   2869.456    -0.322    -0.12    1.45
   3156.351    -0.171     0.52    1.58
   3443.237     0.322     1.72    1.83
   3730.113     0.653     1.15    2.18
   4016.981     0.569    -0.29    2.56
   4303.839     0.495    -0.26    2.91
   4590.689     0.027    -1.63    2.99
   4877.530    -0.850    -3.06    2.66
   5164.362    -1.760    -3.17    2.32
   5451.184    -2.626    -3.02    1.69
   5737.998    -3.254    -2.19    0.97
   6024.803    -3.469    -0.75    0.36
   6311.599    -3.512    -0.15    0.00
   6598.386    -3.512     0.00    0.00
   6885.164    -3.512     0.00    0.00
   7171.932    -3.512     0.00    0.00
   7458.692    -3.512     0.00    0.00
   7745.443    -3.512     0.00    0.00
   8032.185    -3.512     0.00    0.00
   8318.919    -3.512     0.00    0.00
   8605.643    -3.512     0.00    0.00
   8892.358    -3.512     0.00    0.00
   9179.064    -3.512     0.00    0.00
   9465.761    -3.512     0.00    0.00
   9752.449    -3.512     0.00    0.00
  10039.129    -3.512     0.00    0.00
  10325.799    -3.512     0.00    0.00
  10612.460    -3.512     0.00    0.00
  10899.113    -3.512     0.00    0.00
  11185.756    -3.512     0.00    0.00
  11472.391    -3.461     0.18    0.52
  11759.016    -3.119     1.19    1.84
  12045.633    -2.913     0.72    2.16
  12332.241    -2.622     1.02    2.58
  12618.839    -2.123     1.74    3.27
  12905.429    -2.059     0.23    3.29
  13192.010    -1.960     0.34    3.35
  13478.582    -1.933     0.09    3.36
  13765.145    -2.076    -0.50    3.15
  14051.699    -1.713     1.27    3.40
  14338.244    -1.659     0.19    3.76
  14624.780    -1.787    -0.45    4.08
  14911.307    -1.564     0.78    4.41
  15197.825    -0.850     2.49    4.84
  15484.335     0.022     3.04    5.10
  15770.835     1.707     5.88    6.30
  16057.327     3.918     7.72    7.26
  16343.809     7.659    13.06    8.12
  16630.283    11.851    14.64    8.68
  16916.747    15.967    14.37    8.42
  17203.203    19.304    11.65    8.47
  17489.650    22.294    10.44    8.08
  17776.088    24.671     8.30    7.53
  18062.516    27.503     9.89    6.99
  18348.936    29.917     8.43    7.48
  18635.348    32.324     8.40    8.34
  18921.750    33.938     5.63    9.04
  19208.143    36.517     9.01    9.74
  19494.527    37.960     5.04    9.63
  19780.903    39.025     3.72    9.10
  20067.269    40.119     3.82    8.17
  20353.627    42.017     6.63    8.08
  20639.975    44.700     9.37    9.51
  20926.315    48.228    12.32   13.53
  21212.646    51.945    12.98   17.42
  21498.967    54.231     7.98   17.48
  21785.280    57.545    11.58   18.06
  22071.584    60.039     8.71   16.31
  22357.880    64.496    15.57   16.96
  22644.166    70.517    21.03   21.72
  22930.443    83.430    45.11   31.67
  23216.711    95.570    42.41   33.58
  23502.971   104.446    31.01   29.55
  23789.222   111.182    23.53   27.09
  24075.463   117.792    23.09   25.32
  24361.696   120.117     8.12   26.84
  24647.920   118.753    -4.77   24.74
  24934.135   114.003   -16.60   19.61
  25220.341   110.502   -12.23   21.32
  25506.538   105.688   -16.82   26.01
  25792.726    96.611   -31.72   29.76
  26078.906    84.272   -43.12   26.84
  26365.076    74.785   -33.15   17.88
  26651.238    71.160   -12.67   12.45
  26937.390    71.136    -0.08   11.07
  27223.534    74.422    11.48   13.26
  27509.669    80.631    21.70   15.00
  27795.795    89.903    32.40   17.37
  28081.912   101.554    40.72   24.04
  28368.020   115.251    47.87   32.20
  28654.120   131.874    58.10   42.01
  28940.210   155.246    81.69   53.18
  29226.292   178.074    79.80   52.32
  29512.364   196.822    65.53   46.26
  29798.428   214.068    60.29   42.05
  30084.483   228.053    48.89   38.21
  30370.529   233.495    19.03   33.49
  30656.566   231.393    -7.35   34.25
  30942.595   230.960    -1.51   37.27
  31228.614   229.287    -5.85   37.24
  31514.624   226.548    -9.58   36.54
  31800.626   221.338   -18.21   32.93
  32086.619   220.054    -4.49   34.67
  32372.603   225.822    20.17   40.57
  32658.578   231.963    21.48   44.53
  32944.544   234.760     9.78   45.83
  33230.501   240.488    20.03   44.66
  33516.450   244.267    13.21   47.12
  33802.389   249.133    17.02   47.34
  34088.320   260.503    39.77   52.38
  34374.242   269.453    31.30   57.72
  34660.154   287.214    62.12   58.89
  34946.059   302.481    53.40   55.69
  35231.954   310.710    28.78   52.66
  35517.840   307.626   -10.79   51.63
  35803.718   303.242   -15.34   53.09
  36089.586   292.974   -35.92   54.20
  36375.446   285.084   -27.60   52.54
  36661.297   276.531   -29.92   50.99
  36947.139   266.733   -34.28   48.82
  37232.972   249.394   -60.66   54.87
  37518.796   227.359   -77.09   58.42
  37804.612   198.281  -101.73   67.90
  38090.418   166.703  -110.49   73.74
  38376.216   131.736  -122.35   68.82
  38662.005   104.415   -95.60   54.49
  38947.785    84.055   -71.24   41.88
  39233.556    70.611   -47.05   30.08
  39519.319    67.031   -12.53   26.63
  39805.072    71.306    14.96   32.97
  40090.817    83.223    41.70   43.61
  40376.553    96.963    48.09   48.86
  40662.280   119.770    79.82   55.08
  40947.998   142.053    77.99   57.96
  41233.707   162.628    72.01   57.43
  41519.408   183.948    74.62   51.19
  41805.099   197.034    45.81   40.07
  42090.782   202.361    18.65   31.74
  42376.456   198.192   -14.59   34.38
  42662.121   185.143   -45.68   39.50
  42947.777   170.561   -51.05   40.84
  43233.425   154.349   -56.76   35.59
  43519.063   140.344   -49.03   25.11
  43804.693   130.903   -33.05   16.95
  44090.314   122.495   -29.44   16.35
  44375.926   114.425   -28.26   16.91
  44661.529   106.220   -28.73   18.07
  44947.124    97.538   -30.40   19.92
  45232.710    88.831   -30.49   19.07
  45518.286    80.621   -28.75   15.65
  45803.854    73.749   -24.06   12.43
  46089.413    69.114   -16.23   10.02
  46374.964    64.878   -14.84    7.31
  46660.505    62.117    -9.67    5.99
  46946.038    59.711    -8.42    6.24
  47231.562    56.109   -12.62    7.07
  47517.077    52.953   -11.05    7.88
  47802.583    48.874   -14.29    8.93
  48088.739    44.407   -15.61    9.73
  48376.235    39.488   -17.11    9.95
  48663.721    35.576   -13.61    9.52
  48951.198    31.962   -12.57    8.57
  49238.665    29.251    -9.43    7.27
  49526.122    27.659    -5.54    5.48
  49813.569    27.061    -2.08    4.01
  50101.007    27.126     0.23    3.45
  50388.435    27.229     0.36    3.24
  50675.853    27.467     0.83    2.98
  50963.261    27.393    -0.26    2.79
  51250.660    27.606     0.74    2.67
  51538.049    27.383    -0.78    2.72
  51825.428    26.779    -2.10    2.88
  52112.798    25.645    -3.95    4.01
  52400.157    23.970    -5.83    5.12
  52687.507    22.313    -5.77    5.14
  52974.847    21.235    -3.75    4.95
  53262.178    20.021    -4.22    4.29
  53549.499    19.272    -2.61    3.43
  53836.810    19.503     0.80    2.92
  54124.111    20.256     2.62    2.72
  54411.403    20.357     0.35    3.70
  54698.685    19.495    -3.00    5.04
  54985.957    17.996    -5.22    6.33
  55273.219    16.231    -6.14    6.79
  55560.472    14.766    -5.10    6.82
  55847.715    13.804    -3.35    6.44
  56134.948    12.767    -3.61    5.57
  56422.172    11.317    -5.05    5.13
  56709.385    10.111    -4.20    5.35
  56996.589     9.301    -2.82    5.40
  57283.784     8.782    -1.81    5.18
  57570.969     7.767    -3.54    4.47
  57858.144     7.160    -2.11    4.44
  58145.309     6.977    -0.64    4.78
  58432.464     6.992     0.05    4.82
  58719.610     6.377    -2.14    4.16
  59006.746     5.488    -3.10    3.72
  59293.873     4.316    -4.08    2.20
  59580.989     3.746    -1.99    1.12
  59868.096     3.720    -0.09    1.13
  60155.194     5.160     5.01    3.69
  60442.281     7.414     7.85    5.74
  60729.359    10.253     9.89    6.91
  61016.427    13.194    10.25    7.04
  61303.486    16.335    10.94    6.77
  61590.535    19.474    10.93    5.60
  61877.574    22.518    10.60    5.27
  62164.603    24.855     8.14    4.95
  62451.623    26.111     4.38    4.20
  62738.633    27.298     4.14    3.33
  63025.633    28.310     3.52    2.94
  63312.624    29.777     5.11    3.64
  63599.605    31.155     4.80    4.55
  63886.576    32.070     3.19    5.06
  64173.538    33.266     4.17    4.97
  64460.490    33.488     0.77    5.08
  64747.432    33.658     0.59    5.60
  65034.365    33.561    -0.34    6.00
  65321.288    32.825    -2.57    6.02
  65608.201    31.609    -4.24    5.45
