-117867.685    86.545     0.00   13.54
-117580.086    91.174    16.10   15.62
-117292.474    93.449     7.91   15.84
-117004.849    95.825     8.26   15.66
-116717.213    99.928    14.26   15.69
-116429.563   101.586     5.76   16.56
-116141.902   101.451    -0.47   19.93
-115854.228    98.594    -9.93   22.01
-115566.542    91.595   -24.33   18.88
-115278.843    89.024    -8.94   17.31
-114991.132    86.224    -9.73   11.27
-114703.409    87.304     3.75    9.70
-114415.673    90.177     9.98   11.76
-114127.925    94.389    14.64   12.86
-113840.164   100.688    21.89   15.99
-113552.391   106.236    19.28   16.24
-113264.606   112.234    20.84   19.24
-112977.181   114.481     7.82   17.08
-112691.941   117.381    10.16   16.51
-112406.691   117.709     1.15   13.49
-112121.428   118.369     2.31   11.39
-111836.155   118.542     0.61    9.28
-111550.870   119.350     2.83    8.13
-111265.574   122.105     9.66    9.27
-110980.266   126.292    14.68   10.87
-110694.947   131.269    17.44   12.32
-110409.617   137.789    22.85   15.04
-110124.275   143.697    20.71   19.58
-109838.922   152.114    29.50   25.39
-109553.558   158.646    22.89   28.80
-109268.182   166.775    28.48   31.89
-108982.795   178.718    41.84   35.85
-108697.396   192.331    47.70   41.59
-108411.987   206.708    50.37   45.48
-108126.565   219.193    43.74   42.89
-107841.133   228.162    31.42   34.36
-107555.688   233.720    19.47   26.47
-107270.233   230.526   -11.19   27.26
-106984.766   223.677   -23.99   32.14
-106699.288   212.913   -37.70   33.03
-106413.798   200.542   -43.33   30.15
-106128.297   193.065   -26.19   27.10
-105842.785   185.114   -27.85   25.47
-105557.261   177.912   -25.22   25.01
-105271.726   173.016   -17.15   24.80
-104986.179   168.113   -17.17   24.48
-104700.621   163.127   -17.46   24.32
-104415.051   158.944   -14.65   21.65
-104129.471   157.754    -4.16   19.65
-103843.878   162.353    16.10   23.53
-103558.275   172.016    33.84   32.11
-103272.660   190.012    63.00   43.18
-102987.033   208.528    64.83   45.81
-102701.395   223.216    51.42   44.33
-102415.746   229.447    21.81   45.51
-102130.085   222.944   -22.76   53.66
-101844.413   208.133   -51.84   62.73
-101558.729   186.564   -75.50   64.67
-101273.034   165.348   -74.26   56.37
-100987.328   153.182   -42.58   44.72
-100701.610   146.595   -23.05   33.54
-100415.881   148.639     7.15   29.11
-100130.140   162.893    49.88   39.68
 -99844.388   184.954    77.20   48.82
 -99558.624   212.644    96.90   53.20
 -99272.849   240.820    98.59   55.72
 -98987.062   261.307    71.68   48.35
 -98701.265   273.452    42.49   40.71
 -98415.455   275.120     5.84   40.53
 -98129.634   263.237   -41.58   47.56
 -97843.802   248.661   -50.99   51.27
 -97557.958   228.639   -70.04   43.92
 -97272.103   216.550   -42.29   28.78
 -96986.237   216.214    -1.17   29.14
 -96700.359   224.572    29.24   37.04
 -96414.469   235.093    36.80   38.31
 -96128.568   246.617    40.30   37.85
 -95842.656   252.520    20.65   38.91
 -95556.732   249.341   -11.12   41.35
 -95270.796   240.474   -31.01   45.58
 -94984.850   220.231   -70.79   46.03
 -94698.891   201.247   -66.39   42.50
 -94412.922   182.322   -66.18   36.86
 -94126.940   169.154   -46.04   30.28
 -93840.948   158.412   -37.56   24.73
 -93554.944   151.099   -25.57   17.93
 -93268.928   150.281    -2.86   14.16
 -92982.901   153.814    12.35   17.39
 -92696.862   161.099    25.47   25.16
 -92410.812   175.601    50.70   37.03
 -92124.751   193.944    64.12   48.50
 -91838.678   214.142    70.61   53.75
 -91552.593   236.102    76.76   55.98
 -91266.497   258.291    77.56   55.71
 -90980.390   274.542    56.80   47.80
 -90694.271   281.787    25.32   42.00
 -90408.140   286.843    17.67   36.41
 -90121.999   286.772    -0.25   31.69
 -89835.845   286.090    -2.38   29.43
 -89549.680   281.588   -15.73   28.87
 -89263.504   274.827   -23.62   31.89
 -88977.316   272.602    -7.78   37.85
 -88691.116   267.107   -19.20   43.72
 -88404.905   260.684   -22.44   51.35
 -88118.683   245.686   -52.40   60.25
 -87832.449   224.521   -73.94   63.68
 -87546.204   202.281   -77.69   59.03
 -87259.947   181.734   -71.78   44.40
 -86973.678   164.997   -58.46   26.04
 -86687.398   155.375   -33.61   13.00
 -86401.107   152.249   -10.92    7.78
 -86114.804   153.859     5.62    8.67
 -85828.489   159.005    17.97   11.54
 -85542.163   166.135    24.90   14.06
 -85255.826   175.093    31.29   17.06
 -84969.476   185.124    35.03   19.87
 -84683.116   195.630    36.69   21.57
 -84396.744   206.303    37.27   21.65
 -84110.360   214.794    29.65   22.59
 -83823.965   223.692    31.07   25.09
 -83537.558   233.632    34.71   26.29
 -83251.140   240.609    24.36   25.53
 -82964.710   243.818    11.20   22.79
 -82678.269   242.028    -6.25   22.88
 -82391.816   234.850   -25.06   28.31
 -82105.351   223.404   -39.96   34.02
 -81818.875   207.919   -54.05   35.79
 -81532.388   192.298   -54.52   31.23
 -81245.889   177.706   -50.93   24.67
 -80959.378   166.374   -39.55   18.33
 -80672.856   157.747   -30.11   12.69
 -80386.322   153.505   -14.80    8.40
 -80099.777   152.136    -4.78    8.69
 -79813.220   155.490    11.70   14.35
 -79526.652   161.616    21.38   18.79
 -79240.072   171.275    33.70   22.96
 -78953.480   180.719    32.95   23.59
 -78666.877   191.326    37.01   22.32
 -78380.263   201.924    36.97   19.17
 -78093.636   209.645    26.94   14.83
 -77806.999   214.724    17.72   12.42
 -77520.349   215.140     1.45   12.87
 -77233.688   214.883    -0.90   14.06
 -76947.016   210.883   -13.95   17.08
 -76660.332   204.012   -23.97   20.84
 -76373.636   195.469   -29.80   22.31
 -76086.929   185.905   -33.36   21.57
 -75800.210   178.739   -24.99   18.15
 -75513.480   171.905   -23.83   13.43
 -75226.738   168.875   -10.57   11.06
 -74939.984   169.608     2.55   12.79
 -74653.219   173.057    12.03   15.25
 -74366.442   177.712    16.23   16.51
 -74079.654   182.128    15.40   16.85
 -73792.854   185.848    12.97   15.90
 -73506.043   188.209     8.23   13.89
 -73219.220   189.990     6.21   11.80
 -72932.385   193.528    12.34   12.53
 -72645.539   199.363    20.34   16.40
 -72358.681   206.557    25.08   19.88
 -72071.811   214.672    28.29   19.60
 -71784.930   220.139    19.06   16.27
 -71498.037   222.839     9.41   13.30
 -71211.133   223.588     2.61   12.51
 -70924.217   220.265   -11.58   13.92
 -70637.290   218.527    -6.06   12.96
 -70350.350   216.757    -6.17   13.31
 -70063.400   218.244     5.18   15.37
 -69776.437   221.054     9.79   17.36
 -69489.463   223.611     8.91   16.32
 -69202.478   226.792    11.09   15.55
 -68915.480   227.016     0.78   16.33
 -68628.472   225.298    -5.99   18.17
 -68341.451   220.724   -15.94   20.99
 -68054.419   214.338   -22.25   19.86
 -67767.375   209.471   -16.95   19.41
 -67480.320   208.239    -4.29   21.69
 -67193.253   212.816    15.95   30.02
 -66906.174   220.580    27.04   37.56
 -66619.084   229.719    31.83   39.19
 -66331.982   235.270    19.34   36.63
 -66044.868   236.933     5.79   32.05
 -65757.743   233.477   -12.04   29.54
 -65470.606   228.199   -18.38   28.02
 -65183.458   219.949   -28.73   25.08
 -64896.297   210.633   -32.44   20.59
 -64609.126   202.409   -28.64   15.78
 -64321.942   196.624   -20.14   12.29
 -64034.747   192.893   -12.99   10.15
 -63747.540   190.476    -8.41    9.84
 -63460.322   189.379    -3.82   10.22
 -63173.092   188.883    -1.73   11.09
 -62885.850   189.438     1.93   11.50
 -62598.597   187.543    -6.60   13.24
 -62311.331   186.572    -3.38   13.75
 -62024.055   188.995     8.43   13.72
 -61736.766   191.572     8.97   17.20
 -61449.466   194.527    10.29   19.90
 -61162.154   195.960     4.99   20.90
 -60874.831   201.384    18.88   21.84
 -60587.496   206.298    17.10   19.93
 -60300.149   212.392    21.21   21.68
 -60012.791   217.593    18.10   26.74
 -59725.421   224.602    24.39   27.73
 -59438.039   230.679    21.15   28.61
 -59150.645   239.296    29.98   30.92
 -58863.240   247.459    28.40   33.72
 -58575.823   252.680    18.16   33.66
 -58288.395   259.162    22.55   34.51
 -58000.954   267.800    30.05   36.44
 -57713.502   276.875    31.57   36.31
 -57426.039   282.333    18.98   35.89
 -57138.563   282.339     0.02   37.71
 -56851.076   274.674   -26.66   40.70
 -56563.578   266.315   -29.08   43.87
 -56276.067   254.989   -39.39   45.79
 -55988.545   241.543   -46.77   45.36
 -55701.011   227.813   -47.75   44.73
 -55413.466   213.690   -49.12   43.60
 -55125.908   200.326   -46.47   41.88
 -54838.339   186.818   -46.97   35.26
 -54550.759   171.616   -52.86   30.27
 -54263.166   163.913   -26.79   28.53
 -53975.562   161.750    -7.52   30.62
 -53687.946   166.602    16.87   37.56
 -53400.319   172.236    19.59   39.12
 -53112.679   171.414    -2.86   37.62
 -52825.028   172.111     2.42   37.57
 -52537.366   177.341    18.18   33.43
 -52249.691   180.471    10.88   35.23
 -51962.005   183.219     9.55   44.42
 -51674.307   188.945    19.90   53.61
 -51386.598   207.447    64.31   69.12
 -51099.387   230.481    80.20   77.16
 -50814.076   262.163   111.04   84.63
 -50528.754   281.796    68.81   81.82
 -50243.421   305.246    82.18   79.55
 -49958.078   320.913    54.91   71.22
 -49672.724   326.639    20.07   69.28
 -49387.359   323.528   -10.90   66.52
 -49101.983   323.324    -0.72   61.36
 -48816.597   318.712   -16.16   63.46
 -48531.200   317.166    -5.41   58.58
 -48245.792   308.002   -32.11   57.52
 -47960.374   296.476   -40.38   61.13
 -47674.944   284.609   -41.58   67.16
 -47389.504   263.413   -74.26   71.97
 -47104.054   245.460   -62.89   71.63
 -46818.592   220.827   -86.29   77.71
 -46533.120   188.246  -114.13   78.97
 -46247.637   158.721  -103.42   69.78
 -45962.143   136.667   -77.25   61.59
 -45676.639   116.309   -71.30   49.43
 -45391.124   102.356   -48.87   31.93
 -45105.598    96.993   -18.78   23.60
 -44820.061   100.815    13.38   28.29
 -44534.514   111.298    36.71   34.32
 -44248.956   121.965    37.35   33.70
 -43963.387   127.292    18.66   29.57
 -43677.807   129.830     8.89   26.58
 -43392.216   123.903   -20.75   31.54
 -43106.615   111.837   -42.25   38.19
 -42821.003    96.038   -55.31   40.45
 -42535.381    78.162   -62.59   34.27
 -42249.747    66.065   -42.35   27.56
 -41964.103    54.572   -40.24   19.17
 -41678.448    46.828   -27.11   12.65
 -41392.782    43.713   -10.90   10.18
 -41107.105    45.331     5.66   14.68
 -40821.418    50.843    19.29   21.39
 -40535.720    62.477    40.72   29.50
 -40250.011    76.453    48.92   32.96
 -39964.291    86.886    36.51   30.45
 -39678.561    91.550    16.32   26.78
 -39392.820    88.057   -12.22   27.65
 -39107.068    79.859   -28.69   30.31
 -38821.305    69.147   -37.49   32.16
 -38535.532    58.338   -37.82   27.41
 -38249.747    52.394   -20.80   19.11
 -37963.952    54.878     8.69   22.43
 -37678.146    64.331    33.07   31.08
 -37392.329    76.445    42.38   33.56
 -37106.502    86.528    35.28   29.20
 -36820.664    91.165    16.22   24.63
 -36534.815    92.453     4.51   24.37
 -36248.955    87.241   -18.23   25.97
 -35963.084    78.993   -28.85   26.15
 -35677.203    72.951   -21.13   25.18
 -35391.310    68.768   -14.63   24.21
 -35105.407    67.286    -5.18   23.92
 -34819.493    65.513    -6.20   22.44
 -34533.569    62.653   -10.00   19.82
 -34247.633    59.122   -12.35   18.21
 -33961.687    54.169   -17.32   17.60
 -33675.730    47.115   -24.67   17.27
 -33389.762    38.534   -30.01   17.43
 -33103.783    31.156   -25.80   16.20
 -32817.794    24.851   -22.04   13.40
 -32531.793    20.050   -16.79   10.42
 -32245.782    16.943   -10.86    8.59
 -31959.760    13.423   -12.31    7.00
 -31673.727    10.972    -8.57    5.68
 -31387.683     9.608    -4.77    4.87
 -31101.629     9.151    -1.60    3.96
 -30815.564     9.629     1.67    4.85
 -30529.488    11.050     4.97    6.94
 -30243.401    13.982    10.25    9.33
 -29957.303    18.377    15.36   10.56
 -29671.194    23.928    19.40   12.46
 -29385.075    30.621    23.39   13.31
 -29098.945    37.333    23.46   12.48
 -28812.803    41.710    15.30   10.63
 -28526.651    45.216    12.25    8.48
 -28240.489    46.207     3.46    8.42
 -27954.315    44.409    -6.28   10.48
 -27668.131    40.050   -15.23   12.42
 -27381.935    34.108   -20.76   12.62
 -27095.729    29.639   -15.62   11.04
 -26809.512    26.937    -9.44    8.80
 -26523.284    25.850    -3.80    7.90
 -26237.045    24.484    -4.77    7.90
 -25950.796    24.097    -1.35    8.15
 -25664.536    24.813     2.50    7.95
 -25378.264    26.010     4.18    7.53
 -25091.982    26.172     0.56    7.28
 -24805.689    27.432     4.40    7.84
 -24519.385    29.821     8.35    9.18
 -24233.071    32.565     9.58    9.37
 -23946.745    36.221    12.77    9.23
 -23660.409    40.647    15.45    9.47
 -23374.061    43.838    11.14    9.40
 -23087.703    46.610     9.68   10.20
 -22801.334    48.468     6.49   11.01
 -22514.954    50.657     7.64   11.31
 -22228.563    51.662     3.51   10.54
 -21942.162    50.652    -3.53   10.61
 -21655.749    47.694   -10.33    9.76
 -21369.326    46.160    -5.35    8.22
 -21082.891    44.616    -5.39    6.45
 -20796.446    42.883    -6.05    6.16
 -20509.990    41.825    -3.69    6.62
 -20223.523    41.172    -2.28    6.97
 -19937.045    42.565     4.86    9.48
 -19650.557    42.753     0.66    9.32
 -19364.057    42.224    -1.85    8.78
 -19077.547    41.543    -2.38    8.09
 -18791.025    40.512    -3.60    8.23
 -18504.493    39.687    -2.88    8.26
 -18217.950    38.772    -3.19    8.34
 -17931.396    38.167    -2.11    8.37
 -17644.831    39.007     2.93    8.74
 -17358.255    41.305     8.02    9.81
 -17071.668    46.086    16.68   13.54
 -16785.071    53.848    27.08   18.86
 -16498.462    62.938    31.72   21.64
 -16211.843    71.535    29.99   20.70
 -15925.212    76.182    16.21   18.53
 -15638.571    78.298     7.38   17.36
 -15351.919    76.841    -5.08   17.64
 -15065.256    71.083   -20.09   19.13
 -14778.582    64.102   -24.35   18.00
 -14491.897    57.658   -22.48   15.32
 -14205.201    51.744   -20.63   12.65
 -13918.494    47.098   -16.20   10.46
 -13631.776    43.477   -12.63    7.89
 -13345.048    40.774    -9.43    6.06
 -13058.308    39.370    -4.89    6.05
 -12771.558    37.662    -5.96    6.59
 -12484.796    35.469    -7.65    6.46
 -12198.024    33.957    -5.27    6.87
 -11911.241    31.378    -8.99    7.40
 -11624.447    28.564    -9.81    8.24
 -11337.642    25.759    -9.78    8.29
 -11050.826    24.915    -2.94    8.04
 -10763.999    26.243     4.63    8.55
 -10477.161    28.375     7.43   10.68
 -10190.312    30.112     6.05   11.87
  -9903.452    33.261    10.98   12.79
  -9616.581    36.441    11.09   13.13
  -9329.700    39.953    12.24   15.60
  -9042.807    41.461     5.26   19.20
  -8755.903    41.594     0.46   23.32
  -8468.989    38.768    -9.85   25.65
  -8182.063    36.398    -8.26   27.72
  -7895.127    33.236   -11.02   27.60
  -7608.180    29.413   -13.32   26.53
  -7321.221    26.035   -11.77   23.04
  -7034.252    23.602    -8.48   20.45
  -6747.272    25.903     8.02   22.03
  -6460.281    30.163    14.85   23.92
  -6173.279    38.818    30.16   29.57
  -5886.265    49.824    38.35   35.24
  -5599.241    63.341    47.10   41.44
  -5312.206    77.924    50.80   42.64
  -5025.160    89.587    40.63   38.00
  -4738.103    94.407    16.79   33.82
  -4451.035    92.302    -7.33   32.94
  -4163.956    81.499   -37.63   37.17
  -3876.866    67.416   -49.05   41.29
  -3589.766    48.911   -64.46   39.72
  -3302.654    30.399   -64.48   29.69
  -3015.531    17.542   -44.78   19.44
  -2728.397     9.816   -26.91   10.96
  -2441.252     4.860   -17.26    4.74
  -2154.097     2.719    -7.46    2.97
  -1866.930     1.696    -3.56    2.59
  -1579.752     1.027    -2.33    2.23
  -1292.563     0.492    -1.86    1.96
  -1005.364    -0.144    -2.22    0.99
   -718.153    -0.355    -0.73    0.65
   -430.931    -0.443    -0.31    0.00
   -143.698    -0.443     0.00    0.00
    143.545    -0.392     0.18    0.60
    430.800     0.356     2.60    2.85
    718.066     1.333     3.40    3.62
   1005.342     2.609     4.44    4.34
   1292.630     3.367     2.64    4.19
   1579.929     4.111     2.59    4.18
   1867.238     4.926     2.83    4.08
   2154.559     5.871     3.29    4.16
   2441.891     7.147     4.44    5.78
   2729.234     8.924     6.19    8.22
   3016.587     9.031     0.37    8.55
   3303.952     8.754    -0.96    8.18
   3591.328     8.586    -0.58    7.20
   3878.715     8.753     0.58    6.03
   4166.113     7.941    -2.82    4.46
   4453.521     7.942     0.00    3.98
   4740.941     8.500     1.94    3.94
   5028.372     8.557     0.20    3.65
   5315.814     8.609     0.18    3.27
   5603.267     8.528    -0.28    3.30
   5890.731     8.259    -0.94    3.58
   6178.206     8.154    -0.36    3.87
   6465.692     7.990    -0.57    4.09
   6753.189     8.322     1.15    4.85
   7040.697     8.971     2.26    5.29
   7328.216     9.520     1.91    5.65
   7615.746    11.463     6.76    6.91
   7903.288    13.542     7.23    7.26
   8190.840    15.207     5.79    7.03
   8478.403    17.256     7.12    7.02
   8765.977    19.268     7.00    6.97
   9053.563    21.579     8.03    6.30
   9341.159    23.453     6.52    5.67
   9628.767    24.823     4.77    5.01
   9916.385    26.342     5.28    3.97
  10204.015    27.171     2.88    3.35
  10491.655    27.520     1.21    3.51
  10778.666    27.379    -0.49    4.21
  11064.045    27.025    -1.24    4.59
  11349.435    26.451    -2.01    4.53
  11634.835    26.307    -0.50    4.54
  11920.245    26.681     1.31    4.30
  12205.665    27.264     2.04    3.99
  12491.095    28.321     3.71    4.91
  12776.535    28.816     1.73    5.65
  13061.985    29.594     2.72    5.87
  13347.446    30.586     3.48    5.68
  13632.916    31.423     2.93    5.48
  13918.396    33.064     5.75    5.98
  14203.887    35.393     8.16    8.15
  14489.388    38.189     9.79   10.81
  14774.898    41.982    13.28   13.88
  15060.419    44.891    10.19   16.52
  15345.950    50.093    18.22   20.51
  15631.491    54.762    16.35   24.03
  15917.042    61.713    24.34   29.08
  16202.603    66.025    15.10   31.63
  16488.174    69.144    10.92   31.47
  16773.756    72.905    13.17   32.38
  17059.347    72.324    -2.04   31.43
  17344.949    69.900    -8.48   27.64
  17630.560    65.686   -14.76   25.79
  17916.182    60.157   -19.36   20.54
  18201.814    56.972   -11.15   17.29
  18487.456    53.831   -11.00   12.83
  18773.108    51.256    -9.01    8.37
  19058.770    49.780    -5.17    5.66
  19344.442    48.617    -4.07    4.79
  19630.124    47.794    -2.88    5.04
  19915.817    46.780    -3.55    5.21
  20201.519    45.416    -4.77    5.35
  20487.232    43.586    -6.41    5.50
  20772.955    42.278    -4.58    5.27
  21058.687    42.602     1.14    5.39
  21344.430    43.349     2.61    5.20
  21630.184    44.005     2.30    5.10
  21915.947    44.302     1.04    4.65
  22201.720    44.367     0.23    3.76
  22487.504    44.338    -0.10    3.35
  22773.297    44.371     0.12    2.83
  23059.101    44.356    -0.06    2.68
  23344.915    43.866    -1.71    2.98
  23630.739    43.002    -3.02    3.27
  23916.573    42.236    -2.68    3.30
  24202.417    41.730    -1.77    3.11
  24488.271    40.891    -2.94    3.09
  24774.136    40.032    -3.00    3.33
  25060.010    39.029    -3.51    3.41
  25345.895    38.632    -1.39    3.40
  25631.790    37.744    -3.10    3.29
  25917.695    36.632    -3.89    3.15
  26203.610    36.266    -1.28    3.24
  26489.535    36.421     0.54    3.42
  26775.471    36.853     1.51    3.35
  27061.416    36.637    -0.76    3.59
  27347.372    35.825    -2.84    3.91
  27633.338    34.653    -4.10    4.57
  27919.314    33.183    -5.14    5.34
  28205.300    31.624    -5.45    4.77
  28491.296    30.921    -2.46    4.21
  28777.303    31.145     0.78    4.61
  29063.319    32.294     4.02    5.03
  29349.346    33.579     4.49    5.03
  29635.383    35.269     5.91    5.19
  29921.430    37.057     6.25    4.41
  30207.487    37.769     2.49    3.71
  30493.554    37.378    -1.37    4.27
  30779.632    36.840    -1.88    4.75
  31065.720    37.794     3.34    6.95
  31351.818    40.068     7.95    9.70
  31637.926    42.236     7.58   11.36
  31924.044    44.886     9.26   12.32
  32210.172    48.392    12.25   12.85
  32496.311    50.816     8.47   12.48
  32782.459    53.151     8.16   11.73
  33068.618    52.615    -1.87   10.96
  33354.787    52.120    -1.73    9.36
  33640.966    52.701     2.03    8.19
  33927.156    52.725     0.08    6.63
  34213.355    52.444    -0.98    5.56
  34499.565    52.514     0.25    5.24
  34785.785    52.423    -0.32    5.13
  35072.015    51.821    -2.10    5.45
  35358.255    50.771    -3.67    5.60
  35644.506    50.157    -2.15    5.81
  35930.766    50.202     0.16    6.73
  36217.037    51.610     4.92    7.60
  36503.318    51.964     1.24    7.41
  36789.609    52.630     2.32    7.04
  37075.911    54.057     4.99    6.50
  37362.222    55.708     5.77    6.11
  37648.544    57.328     5.66    5.91
  37934.876    58.791     5.11    5.26
  38221.218    60.776     6.93    4.69
  38507.571    62.729     6.82    3.73
  38793.933    64.162     5.00    3.19
  39080.306    64.765     2.11    2.53
  39366.689    64.291    -1.66    2.90
  39653.082    63.341    -3.31    3.29
  39939.486    62.371    -3.39    3.35
  40225.899    61.217    -4.03    3.32
  40512.323    59.388    -6.38    3.73
  40798.757    57.271    -7.39    4.40
  41085.201    55.271    -6.98    4.72
  41371.655    53.800    -5.14    4.70
  41658.120    52.535    -4.41    4.14
  41944.595    52.450    -0.30    4.29
  42231.080    54.908     8.58    8.69
  42517.575    59.796    17.06   12.74
  42804.081    64.848    17.63   13.67
  43090.596    66.286     5.02   13.35
  43377.122    63.970    -8.08   17.44
  43663.659    58.550   -18.92   22.15
  43950.205    51.259   -25.44   24.17
  44236.762    41.428   -34.31   21.70
  44523.328    32.659   -30.60   13.96
  44809.905    27.543   -17.86    6.09
  45096.493    25.706    -6.41    0.98
  45383.090    25.557    -0.52    0.00
  45669.698    25.557     0.00    0.00
  45956.316    25.557     0.00    0.00
  46242.944    25.557     0.00    0.00
  46529.583    25.557     0.00    0.00
  46816.231    25.557     0.00    0.00
  47102.890    25.557     0.00    0.00
  47389.559    25.751     0.68    0.98
  47676.239    27.212     5.10    3.60
  47962.928    28.848     5.71    4.81
  48249.628    30.506     5.78    5.23
  48536.338    32.068     5.45    5.04
  48823.059    33.144     3.75    4.43
  49109.789    33.836     2.41    3.69
  49396.530    33.609    -0.79    3.81
  49683.281    32.805    -2.80    3.95
  49970.043    31.750    -3.68    3.72
  50256.815    30.714    -3.61    3.44
  50543.596    29.658    -3.68    3.28
  50830.389    28.957    -2.44    3.43
  51117.191    28.450    -1.77    3.40
  51404.004    27.721    -2.54    3.37
  51690.827    27.513    -0.73    3.12
  51977.660    28.118     2.11    3.71
  52264.503    29.189     3.73    4.31
  52551.357    29.893     2.45    4.32
  52838.221    31.195     4.54    4.46
  53125.095    33.031     6.40    4.97
  53411.980    34.664     5.69    5.02
  53698.875    35.324     2.30    5.20
  53985.780    34.873    -1.57    5.63
  54272.695    33.773    -3.84    5.83
  54559.621    32.803    -3.38    5.65
  54846.557    31.370    -5.00    5.21
  55133.503    30.113    -4.38    4.26
  55420.459    29.300    -2.83    3.91
  55707.426    28.600    -2.44    3.99
  55994.403    27.684    -3.19    3.60
  56281.390    27.269    -1.44    3.39
  56568.388    27.905     2.21    3.94
  56855.396    29.498     5.55    4.84
  57142.414    31.347     6.44    5.39
  57429.442    33.736     8.32    5.93
  57716.481    36.477     9.55    6.73
  58003.530    40.010    12.31    7.81
  58290.590    43.360    11.67    9.03
  58577.659    46.207     9.92   10.06
  58864.739    48.992     9.70   10.89
  59151.829    51.411     8.43   11.16
  59438.930    52.479     3.72   11.45
  59726.041    52.326    -0.53   11.71
  60013.162    50.255    -7.21   12.25
  60300.293    48.261    -6.95   12.10
  60587.435    46.521    -6.06   11.68
  60874.587    44.231    -7.98   11.00
  61161.749    42.998    -4.29   10.29
  61448.922    42.898    -0.35    9.63
  61736.105    43.945     3.65    9.35
  62023.298    45.771     6.36    9.11
  62310.502    46.441     2.33    8.56
  62597.716    46.409    -0.11    8.73
  62884.940    45.707    -2.44   10.66
  63172.175    43.550    -7.51   13.36
  63459.419    39.535   -13.98   14.94
  63746.675    35.108   -15.41   14.27
  64033.940    30.876   -14.73   12.00
  64321.216    27.166   -12.91    8.19
  64608.502    25.050    -7.37    4.37
  64895.799    24.389    -2.30    2.49
  65183.105    24.950     1.95    3.08
  65470.423    26.408     5.07    3.97
  65757.750    27.543     3.95    4.42
  66045.088    28.477     3.25    4.47
  66332.436    29.461     3.42    4.40
  66619.794    30.212     2.61    4.25
  66907.163    30.729     1.80    4.06
  67194.542    30.665    -0.22    3.96
  67481.932    29.908    -2.64    4.20
  67769.332    28.721    -4.13    5.07
  68056.742    26.831    -6.58    5.78
  68344.162    24.475    -8.20    5.29
  68631.593    22.782    -5.89    4.82
  68919.034    22.039    -2.58    4.89
  69206.486    22.219     0.62    5.84
  69493.948    22.529     1.08    6.40
  69781.420    23.217     2.39    6.83
  70068.903    24.138     3.21    6.93
  70356.396    24.814     2.35    6.69
  70643.899    25.117     1.05    6.21
  70931.413    24.615    -1.75    5.34
  71218.937    24.298    -1.10    4.30
  71506.471    25.007     2.47    4.33
  71794.016    25.779     2.68    4.27
  72081.571    26.461     2.37    3.68
  72369.136    26.990     1.84    3.62
  72655.968    27.135     0.51    3.47
  72941.417    27.397     0.92    3.64
  73226.875    28.036     2.24    3.82
  73512.342    28.006    -0.10    4.11
  73797.819    28.162     0.54    4.38
  74083.306    27.950    -0.74    4.29
  74368.801    27.646    -1.06    4.25
  74654.306    26.820    -2.89    3.91
  74939.821    25.740    -3.78    3.63
  75225.345    24.706    -3.62    3.79
  75510.878    23.871    -2.92    4.36
  75796.421    23.035    -2.93    4.69
  76081.973    22.280    -2.65    4.66
  76367.535    22.140    -0.49    4.76
  76653.106    22.744     2.11    4.58
  76938.686    22.738    -0.02    4.60
  77224.276    22.970     0.81    4.67
  77509.875    23.900     3.26    5.07
  77795.484    25.035     3.97    4.62
  78081.102    25.947     3.19    4.46
  78366.730    27.638     5.92    5.71
  78652.367    30.302     9.33    8.39
  78938.013    33.802    12.25   10.82
  79223.669    37.169    11.79   11.84
  79509.334    40.471    11.56   12.15
  79795.009    42.809     8.18   11.76
  80080.693    43.931     3.93   10.97
  80366.387    43.407    -1.83   10.07
  80652.090    42.751    -2.30    9.10
  80937.802    40.437    -8.10    7.92
  81223.524    39.318    -3.91    6.90
  81509.255    38.214    -3.87    5.40
  81794.996    37.536    -2.37    5.35
  82080.746    38.338     2.81    5.46
  82366.506    40.535     7.69    6.81
  82652.275    43.436    10.15    8.03
  82938.053    45.833     8.39    8.22
  83223.841    46.572     2.58    8.34
  83509.639    46.991     1.47    9.47
  83795.446    47.119     0.45   11.08
  84081.262    45.066    -7.18   14.01
  84367.088    42.951    -7.40   15.30
